0000 07-07-77 07:57:27 +23C 65535   325   16   5 Ê16
0001 000 027 000 026 113 255 073 000 000 098 017 095 255 255 172 005
0002 000 031 000 014 097 255 070 000 004 072 015 103 255 255 166 000
0003 000 028 000 009 068 255 055 000 019 065 023 096 239 255 140 009
0004 000 011 000 000 084 255 032 000 025 028 022 064 236 255 102 007
0005 000 010 000 000 178 255 015 000 011 004 002 065 255 255 072 000
0006 000 026 000 000 235 255 033 000 018 007 000 094 247 255 104 000
0007 000 042 000 000 255 255 025 000 031 048 000 117 200 255 088 000
0008 000 056 000 000 255 255 020 000 029 051 000 141 138 255 085 000
0009 000 059 000 000 255 255 013 000 013 052 000 149 115 255 069 007
0010 000 052 000 000 233 255 012 000 006 030 024 137 176 255 068 000
0011 010 040 000 000 195 255 001 000 000 018 045 113 214 255 048 000
0012 029 046 000 000 167 255 007 000 000 014 072 123 248 255 059 000
0013 033 041 000 000 113 255 017 000 000 009 077 116 255 255 079 000
0014 028 031 000 000 162 255 018 000 000 040 069 100 255 255 078 010
0015 019 021 000 000 255 255 011 000 000 029 057 084 255 221 067 027
0016 021 025 000 000 255 255 009 000 000 000 062 087 255 195 066 049
0017 011 018 000 000 252 255 010 003 000 002 047 077 255 179 066 055
0018 001 025 000 000 248 255 003 000 007 019 031 087 255 195 054 036
0019 000 026 000 002 255 255 004 000 032 053 019 089 255 227 059 012
0020 000 020 005 005 255 255 009 000 058 058 015 080 255 255 061 001
0021 000 011 007 013 255 255 029 000 061 076 024 061 255 255 095 079
0022 000 002 000 002 241 255 049 000 029 055 026 052 255 255 133 037
0023 000 002 000 000 255 255 060 000 007 044 032 049 255 255 150 049
0024 006 015 000 000 255 255 059 000 000 012 040 072 255 255 150 037
0025 010 011 000 000 255 255 047 000 000 028 047 065 255 255 127 037
0026 010 001 000 000 255 254 028 000 005 040 044 048 255 255 098 018
0027 013 000 000 003 255 212 009 000 024 058 051 036 255 255 067 006
0028 015 000 000 005 255 185 039 000 031 060 052 026 255 255 116 033
0029 012 000 000 000 255 150 043 000 029 054 050 029 255 255 120 039
0030 007 003 000 007 255 129 039 000 032 063 043 052 255 255 113 049
0031 007 015 000 000 255 239 019 006 028 040 042 073 255 255 079 060
0032 014 024 000 000 255 255 000 007 019 018 053 091 255 255 040 064
0033 030 015 000 000 255 255 021 000 001 002 071 075 255 255 086 053
0034 038 013 000 000 255 255 023 000 000 000 088 070 255 255 087 035
0035 036 005 000 000 255 255 016 000 000 002 084 057 255 255 076 029
0036 022 000 000 000 239 255 009 000 000 000 065 038 255 255 066 008
0037 010 000 000 000 179 255 000 000 000 001 045 015 255 255 034 004
0038 000 000 000 000 150 255 000 000 000 010 026 016 255 255 077 001
0039 000 000 000 000 129 255 011 000 000 000 002 028 255 255 069 000
0040 000 000 000 000 112 255 019 000 001 000 000 024 255 255 086 012
0041 000 000 000 000 111 250 010 000 000 000 002 031 255 255 064 012
0042 000 000 000 000 162 123 016 000 013 000 028 036 255 255 079 027
0043 013 000 000 000 248 137 024 000 016 000 053 039 255 255 093 016
0044 030 014 000 000 255 255 025 000 003 015 076 073 255 255 091 008
0045 038 013 000 000 255 255 017 000 002 034 087 067 255 255 079 010
0046 037 000 000 000 255 255 002 000 000 042 087 029 255 255 053 011
0047 022 000 000 000 255 255 005 000 007 022 063 016 255 255 057 015
0048 026 000 000 000 255 255 005 000 000 001 067 021 255 255 053 023
0049 041 000 000 000 255 255 000 000 006 006 092 039 255 255 045 022
0050 047 001 000 000 255 255 001 000 015 017 097 048 255 255 049 040
0051 037 001 000 000 255 255 011 000 040 020 083 049 255 255 067 051
0052 018 003 000 000 255 255 014 000 041 028 056 052 255 255 073 040
0053 011 011 000 000 255 255 005 000 033 035 046 063 255 255 053 039
0054 009 023 000 000 224 255 011 000 002 051 044 083 255 251 049 043
0055 008 047 000 000 121 213 004 004 000 046 043 125 255 248 053 026
0056 003 063 000 000 143 254 003 000 011 052 034 155 255 255 053 028
0057 000 081 000 000 169 255 018 000 019 047 028 185 255 255 079 018
0058 001 078 000 001 180 255 020 000 016 054 030 179 255 255 079 004
0059 010 055 000 008 225 255 006 000 000 068 046 137 255 255 056 009
0060 033 019 000 004 250 255 000 000 000 060 082 074 255 255 040 007
0061 056 000 000 000 254 255 000 000 005 039 116 024 255 255 013 004
0062 072 000 000 000 255 255 000 000 006 025 135 023 255 254 000 020
0063 062 000 000 000 239 255 000 000 000 043 123 022 255 207 038 046
0064 046 000 000 009 220 255 011 000 000 066 096 009 255 199 066 049
0065 028 000 000 011 197 255 017 001 030 070 071 000 255 216 078 050
0066 001 000 000 010 174 255 030 003 048 069 029 012 211 229 097 057
0067 000 000 000 010 151 255 020 000 046 068 006 032 255 242 083 041
0068 000 016 000 004 121 255 021 000 037 056 015 074 255 255 083 034
0069 000 029 000 003 103 255 019 000 032 056 030 094 255 255 080 039
0070 007 033 000 000 106 255 009 000 041 037 043 102 255 255 062 048
0071 014 012 002 000 088 193 000 000 052 023 054 064 255 255 040 046
0072 018 000 000 000 101 109 000 000 046 005 058 030 244 255 036 040
0073 014 000 000 000 134 148 008 000 034 005 050 017 184 255 061 036
0074 017 000 000 000 137 242 011 000 019 000 043 043 220 247 065 025
0075 000 011 000 000 136 255 001 000 008 000 024 063 255 233 048 010
0076 000 018 000 000 204 218 003 000 007 000 014 078 255 243 052 000
0077 000 027 000 000 255 193 009 000 000 000 018 094 255 255 062 006
0078 000 023 000 000 255 255 000 000 000 006 017 084 255 255 044 003
0079 000 017 000 000 255 255 000 000 000 004 006 075 255 255 043 000
0080 000 010 000 000 255 255 017 000 000 019 000 067 255 255 078 000
0081 000 000 000 000 255 255 018 000 000 033 000 046 255 255 077 000
0082 000 003 000 000 255 255 002 000 000 019 000 051 255 255 047 000
0083 000 008 000 000 255 255 005 000 000 003 005 059 255 255 054 000
0084 000 005 000 000 255 255 000 000 000 000 001 058 255 255 047 012
0085 000 000 000 000 255 255 015 000 000 000 000 042 255 255 076 001
0086 000 007 000 000 255 200 020 000 003 000 000 060 255 255 083 025
0087 000 012 000 000 211 203 029 000 000 002 000 067 250 255 096 034
0088 000 023 000 000 181 255 035 000 000 002 006 087 170 255 107 049
0089 000 027 000 000 173 255 031 000 000 024 022 091 104 252 101 044
0090 000 020 000 000 178 255 028 000 000 025 026 078 111 238 094 041
0091 000 008 000 000 213 255 007 000 000 026 029 059 125 213 059 032
0092 000 000 000 000 254 255 013 000 000 015 024 027 122 194 055 019
0093 000 000 000 000 255 255 001 000 001 028 016 013 126 185 047 009
0094 000 000 000 000 255 255 000 000 000 013 006 006 122 191 032 000
0095 000 000 000 000 205 255 000 000 001 016 002 018 122 223 035 006
0096 000 000 000 000 149 255 000 000 007 014 000 023 169 254 004 016
0097 000 000 000 000 178 255 000 000 012 024 000 003 212 255 008 019
0098 000 000 000 000 201 255 001 000 015 019 000 030 248 234 002 028
0099 000 011 000 000 176 255 000 000 016 003 007 068 255 196 010 054
0100 001 020 000 000 126 255 000 002 003 004 032 081 255 159 015 054
0101 015 026 000 000 107 255 000 000 003 000 053 093 255 137 028 051
0102 019 045 000 000 192 255 000 000 000 044 059 125 255 120 043 036
0103 015 059 000 008 249 255 000 000 005 063 051 146 255 102 035 019
0104 000 061 000 012 255 255 000 000 009 083 027 150 255 089 037 002
0105 000 053 000 004 255 255 010 000 025 056 015 135 255 120 067 006
0106 000 038 000 000 255 255 033 000 042 025 021 108 255 147 104 004
0107 001 014 006 000 255 255 036 000 059 018 030 068 234 169 113 014
0108 000 000 010 000 251 255 016 026 066 001 020 028 124 181 078 016
0109 003 000 008 000 255 255 000 000 060 009 033 026 067 192 044 030
0110 000 011 000 000 255 255 007 000 042 014 025 065 097 207 060 025
0111 000 028 000 000 255 255 007 000 018 009 015 094 122 229 061 033
0112 000 036 000 000 255 255 018 000 013 010 017 110 126 229 080 014
0113 000 029 000 000 255 255 048 000 025 009 028 098 117 198 130 010
0114 008 020 000 000 255 255 073 000 028 006 044 078 113 154 176 033
0115 008 000 000 000 255 255 062 000 014 008 041 022 131 137 151 026
0116 000 000 000 000 255 255 048 000 012 002 011 003 153 180 130 049
0117 000 004 000 000 255 255 033 000 009 015 000 055 173 213 106 015
0118 000 026 000 000 255 255 029 000 016 010 000 092 196 225 096 022
0119 001 038 000 000 255 255 042 000 042 011 011 111 213 229 119 020
0120 000 037 000 000 255 255 032 000 044 003 000 109 205 231 100 012
0121 000 022 005 000 255 255 012 000 057 000 000 086 168 211 068 009
0122 000 012 004 000 255 255 008 000 056 006 000 069 112 183 063 001
0123 000 007 006 000 255 255 013 000 059 000 000 060 045 177 070 002
0124 000 008 003 000 255 255 013 000 053 010 012 063 049 165 068 032
0125 003 035 000 000 255 255 014 002 042 038 033 106 096 158 071 037
0126 019 046 000 002 255 255 011 000 012 068 058 123 118 155 067 040
0127 029 032 000 015 227 255 005 000 014 067 075 098 104 151 056 037
0128 033 006 000 003 169 255 004 000 012 057 080 054 075 148 057 022
0129 030 000 000 000 171 255 000 006 016 007 073 026 053 148 046 032
0130 010 000 000 000 194 255 016 014 006 003 043 045 068 145 076 008
0131 001 003 000 000 228 255 023 000 002 000 036 050 076 150 085 014
0132 000 000 000 000 255 255 033 000 000 001 014 045 080 161 102 002
0133 000 000 000 000 255 255 020 000 000 027 044 034 107 174 081 001
0134 000 000 000 000 254 255 000 000 003 020 018 030 137 186 041 000
0135 000 000 000 000 211 255 000 000 015 026 010 030 145 210 024 000
0136 000 000 000 000 199 255 002 000 020 035 009 021 147 231 002 000
0137 020 000 000 000 255 255 000 000 011 044 014 002 142 249 034 000
0138 000 000 000 003 252 255 005 000 010 051 019 000 140 252 058 000
0139 000 000 000 001 219 255 014 000 015 040 029 011 138 228 072 000
0140 008 000 000 007 204 255 020 000 011 053 042 035 135 182 083 000
0141 014 009 000 000 220 255 027 000 018 031 052 062 107 139 093 000
0142 017 013 000 000 242 255 018 000 021 023 055 068 065 118 078 000
0143 016 000 000 000 226 255 019 000 011 029 053 037 048 105 081 001
0144 008 000 000 000 238 255 018 000 021 027 041 010 068 109 083 010
0145 004 000 000 012 255 255 020 000 044 070 035 014 083 133 083 030
0146 000 000 007 016 255 255 013 000 060 083 028 015 136 163 069 022
0147 000 000 013 010 255 255 000 000 069 070 019 048 205 183 035 006
0148 000 000 010 000 255 255 016 000 068 042 010 031 247 205 080 002
0149 000 000 002 000 255 255 031 000 051 022 011 024 241 221 103 000
0150 000 000 000 000 255 255 045 000 024 022 004 021 225 228 124 000
0151 000 002 000 000 218 255 043 006 021 039 000 051 221 229 122 000
0152 000 024 000 004 158 255 040 000 024 053 003 087 216 210 115 000
0153 000 028 000 002 187 255 038 000 050 053 021 094 198 177 113 000
0154 002 025 008 000 233 255 038 000 063 036 034 087 192 138 113 000
0155 010 027 009 000 199 255 037 000 064 015 045 092 176 112 108 001
0156 003 030 000 000 180 255 018 000 043 025 033 096 129 098 076 015
0157 000 021 000 000 197 255 008 000 028 033 004 079 090 099 059 019
0158 000 014 001 000 197 255 000 000 051 044 002 072 085 101 037 028
0159 000 011 025 000 219 255 004 000 094 042 001 062 085 107 054 019
0160 000 000 032 000 199 255 008 000 103 019 019 044 097 116 065 012
0161 000 000 026 000 142 255 009 000 093 033 022 023 153 159 063 000
0162 000 000 012 000 255 255 000 000 069 033 013 021 222 206 013 000
0163 000 002 000 000 255 255 000 000 036 013 000 048 255 231 030 000
0164 000 014 000 000 255 255 000 000 030 013 002 070 255 242 047 000
0165 000 027 000 000 248 255 021 000 010 032 021 091 255 245 085 000
0166 001 045 000 000 135 255 037 000 000 043 029 124 255 242 113 000
0167 000 052 000 005 202 255 032 000 000 062 029 134 255 233 102 000
0168 000 037 000 014 255 255 034 000 000 080 004 105 236 207 104 012
0169 000 002 000 003 255 255 033 000 000 059 019 046 191 184 106 022
0170 009 000 000 001 255 255 052 000 000 034 044 014 152 174 136 017
0171 023 000 000 000 240 255 078 000 000 026 080 001 141 197 182 021
0172 020 000 000 000 223 255 091 000 000 014 059 001 174 244 204 020
0173 014 000 000 000 235 255 088 000 000 003 049 014 167 255 198 033
0174 020 000 000 000 255 255 066 000 010 011 059 026 135 255 160 020
0175 030 000 000 000 255 255 042 000 022 011 076 046 135 255 122 018
0176 033 004 000 000 255 195 017 000 008 026 079 053 155 255 078 007
0177 029 009 000 000 165 104 004 000 000 023 072 062 168 255 052 000
0178 019 013 000 000 141 077 012 000 005 032 055 068 222 226 066 000
0179 001 005 000 000 255 254 025 000 023 034 028 055 255 147 091 000
0180 000 019 000 000 255 255 045 000 023 009 014 082 255 131 124 012
0181 000 023 000 000 255 255 048 000 012 018 011 088 255 141 131 016
0182 000 024 000 000 255 255 051 000 009 023 028 091 255 171 132 006
0183 009 014 000 000 255 255 029 000 013 020 043 070 255 199 096 022
0184 006 006 000 000 255 255 025 000 020 020 039 054 255 235 093 041
0185 000 000 000 000 255 255 015 001 021 012 025 043 255 255 073 054
0186 000 000 000 000 255 255 018 004 023 010 022 043 255 255 080 060
0187 000 000 000 000 255 255 028 000 012 019 005 045 255 255 097 042
0188 000 006 000 000 255 255 027 000 004 002 000 056 255 255 097 038
0189 000 000 000 000 255 255 030 000 000 000 001 033 255 255 102 031
0190 000 000 000 000 255 255 037 000 001 000 012 029 255 255 110 034
0191 000 000 000 000 255 255 035 000 018 022 028 033 255 251 106 021
0192 003 001 000 000 255 255 025 000 050 023 033 047 255 206 093 028
0193 006 000 009 000 232 255 028 000 065 039 040 034 255 168 098 015
0194 011 012 001 001 203 255 027 000 049 052 045 068 255 172 095 017
0195 007 013 000 006 182 255 012 000 027 058 040 069 247 196 067 002
0196 007 000 000 000 255 255 003 000 044 020 039 026 189 236 054 040
0197 008 000 010 000 255 246 006 000 067 005 041 030 163 255 057 000
0198 000 009 017 000 251 255 005 000 077 004 026 062 243 255 054 016
0199 000 030 010 000 249 255 011 000 065 024 001 098 255 255 066 037
0200 000 048 000 000 242 255 025 000 040 034 000 128 255 255 093 048
0201 000 069 000 000 255 255 037 000 016 042 000 164 255 255 113 039
0202 000 067 000 000 255 255 037 000 018 031 003 161 255 255 108 022
0203 000 052 000 000 255 255 024 000 025 043 021 132 255 222 091 029
0204 006 041 000 000 255 255 019 000 012 046 042 114 255 184 078 032
0205 026 035 000 000 255 255 005 000 000 044 069 105 255 147 053 029
0206 040 039 000 000 255 255 008 000 014 045 091 113 255 139 061 047
0207 062 050 000 013 255 255 027 000 024 077 123 133 255 187 093 048
0208 071 070 000 000 255 255 018 001 037 045 136 167 255 236 077 012
0209 069 087 000 000 255 255 008 000 033 024 133 193 255 255 061 011
0210 057 091 000 000 255 255 013 000 028 001 110 202 255 255 071 017
0211 039 090 000 000 255 255 020 000 014 006 086 200 255 255 082 036
0212 032 092 000 000 255 255 015 000 026 011 077 201 255 255 073 032
0213 028 071 000 000 255 255 015 000 033 027 071 166 255 255 073 036
0214 028 034 000 013 255 255 000 000 049 073 073 105 255 255 035 040
0215 021 013 006 021 255 255 000 000 058 087 063 073 255 255 027 021
0216 012 000 000 011 255 255 000 000 045 067 053 039 255 255 049 007
0217 003 000 000 000 255 255 011 000 030 036 036 011 255 255 067 031
0218 000 000 000 000 231 255 018 000 009 013 017 000 255 255 078 020
0219 000 000 000 000 255 255 024 000 000 021 000 010 248 255 088 036
0220 000 004 000 000 255 255 031 000 003 009 000 056 255 255 103 046
0221 000 018 000 000 255 255 032 000 014 015 001 080 255 255 102 047
0222 000 017 000 000 255 255 015 000 012 006 018 077 255 255 072 050
0223 013 010 000 000 255 255 004 000 006 004 050 065 255 255 054 041
0224 028 002 000 000 255 255 001 000 010 000 069 051 255 255 050 020
0225 041 001 000 000 255 255 006 000 013 000 089 045 255 255 057 013
0226 032 000 000 000 255 255 009 000 014 000 077 033 255 255 062 000
0227 019 000 000 000 255 255 005 000 000 002 057 028 255 255 056 018
0228 011 000 000 000 255 255 001 000 000 023 044 014 254 255 048 046
0229 002 000 000 000 255 255 008 000 000 039 031 010 236 255 061 040
0230 000 000 000 000 255 255 016 000 000 036 032 027 229 255 079 022
0231 000 002 000 000 255 255 023 000 000 048 023 047 230 255 092 010
0232 000 005 000 003 255 255 027 000 000 057 022 053 214 255 098 004
0233 000 002 000 000 255 255 031 000 000 050 016 047 191 220 102 000
0234 000 000 000 000 255 255 016 000 019 045 024 043 190 160 076 000
0235 000 000 000 000 255 255 005 000 025 042 023 036 242 159 056 000
0236 000 000 000 000 255 255 017 000 020 037 017 041 255 205 101 017
0237 000 005 000 000 255 255 010 000 007 045 013 059 255 253 066 000
0238 000 008 000 010 255 255 001 000 000 072 017 063 255 255 040 006
0239 006 006 000 009 255 255 001 000 000 066 039 057 203 255 008 005
0240 021 000 000 013 255 255 000 000 006 076 054 030 089 255 019 000
0241 013 000 000 020 255 255 000 000 025 090 048 018 142 255 031 000
0242 009 000 000 038 255 255 000 000 041 122 044 023 224 255 014 000
0243 004 001 000 045 255 255 000 000 032 135 036 050 255 255 024 009
0244 007 000 000 046 255 255 000 000 010 136 038 042 255 255 041 011
0245 008 000 000 041 255 255 000 000 000 125 041 012 255 255 041 014
0246 007 000 000 010 255 255 007 000 000 071 041 012 255 255 061 006
0247 000 000 000 002 255 255 005 000 000 054 027 001 255 255 056 002
0248 000 000 000 000 255 255 007 000 003 019 028 006 255 230 092 017
0249 006 000 000 001 255 255 002 000 004 036 038 025 220 195 047 016
0250 009 000 000 000 255 255 000 000 000 018 046 035 200 175 033 014
0251 019 000 000 000 255 255 005 000 000 001 058 042 250 189 061 009
0252 028 003 000 000 255 255 028 000 000 003 073 049 255 248 104 023
0253 034 006 000 000 255 255 036 000 000 011 083 057 255 255 113 018
0254 045 001 000 000 255 255 023 000 009 002 099 047 255 255 086 027
0255 045 000 000 000 255 255 001 000 003 010 098 044 255 255 052 031
0256 037 000 000 000 255 255 023 000 013 035 084 045 255 255 088 038
0257 009 007 000 000 255 255 030 000 006 035 041 059 255 255 101 004
0258 008 016 000 000 255 255 011 000 000 041 043 075 255 255 066 006
0259 001 023 000 000 255 255 000 000 001 028 033 087 255 255 017 022
0260 000 027 000 000 255 255 001 004 012 002 022 092 255 255 050 062
0261 002 022 000 000 255 255 010 018 020 001 035 083 255 255 065 088
0262 021 004 000 000 255 255 007 018 015 000 064 050 255 255 062 082
0263 029 001 000 000 255 255 000 007 019 028 074 045 255 255 035 064
0264 022 003 000 000 255 255 000 000 011 036 059 049 255 255 035 046
0265 007 003 000 000 255 255 006 000 014 037 040 049 255 255 062 009
0266 010 006 000 000 255 255 035 000 011 044 045 057 255 255 114 005
0267 012 016 000 000 255 255 041 000 010 023 048 072 255 221 121 000
0268 010 021 000 000 255 255 029 000 040 014 044 084 255 149 098 000
0269 001 023 004 000 255 255 015 000 057 000 031 085 251 120 071 003
0270 000 020 008 000 243 255 000 000 063 004 014 079 180 127 027 000
0271 000 010 012 000 199 255 000 000 073 000 013 062 101 142 022 008
0272 000 000 017 000 255 255 000 000 080 030 009 031 124 137 036 005
0273 000 000 003 000 255 255 001 000 053 040 003 018 107 103 049 020
0274 000 000 000 002 255 255 008 000 018 054 000 019 139 085 061 023
0275 000 000 000 011 255 255 000 000 036 068 000 028 181 126 043 018
0276 000 000 004 005 255 255 000 000 054 060 029 030 246 157 025 009
0277 012 000 000 005 255 255 000 000 042 059 049 037 255 162 017 012
0278 016 000 000 000 255 255 000 000 011 034 053 040 255 164 024 019
0279 004 005 000 000 255 255 000 000 000 027 035 055 255 147 023 014
0280 000 014 000 000 255 255 000 000 000 034 015 071 255 140 041 025
0281 000 022 000 000 255 255 000 000 000 036 005 084 255 137 049 017
0282 000 024 000 000 255 255 009 000 001 044 019 086 255 141 063 017
0283 000 026 000 000 255 255 014 000 000 050 022 091 255 158 072 020
0284 000 023 000 000 255 255 016 000 000 047 016 084 255 208 074 020
0285 000 021 000 008 222 255 006 000 000 066 006 085 255 254 056 012
0286 000 035 000 027 255 255 014 000 008 099 000 108 255 255 075 000
0287 000 043 000 028 255 255 021 000 019 099 000 125 255 255 088 000
0288 000 056 000 022 255 255 018 000 044 089 028 144 255 255 080 004
0289 016 055 008 010 255 255 001 000 063 069 054 144 255 255 047 000
0290 021 041 008 015 255 255 000 000 062 078 061 117 255 255 025 006
0291 015 028 007 000 255 255 000 000 061 042 052 092 255 255 025 019
0292 000 030 004 000 255 255 000 000 055 024 024 094 255 255 028 034
0293 000 034 002 000 213 255 000 000 050 016 006 103 255 226 024 036
0294 000 045 002 000 129 255 000 000 051 005 011 125 255 206 019 026
0295 012 054 000 000 104 255 000 000 042 012 048 137 255 199 030 046
0296 027 065 000 000 137 255 005 000 026 024 070 158 255 178 054 041
0297 036 084 000 000 190 255 004 000 007 023 087 191 255 150 053 031
0298 036 106 000 000 241 255 001 000 003 011 081 228 255 124 047 037
0299 024 118 000 000 255 255 000 000 016 012 065 247 255 117 028 049
0300 020 119 000 000 255 255 000 000 018 019 056 250 255 121 028 038
0301 008 108 000 000 255 255 000 000 013 006 042 234 255 131 037 031
0302 007 084 000 000 255 255 000 000 000 019 042 192 255 145 046 000
0303 005 054 000 000 255 221 000 000 002 036 038 142 255 186 036 003
0304 003 030 000 000 255 206 000 000 017 044 034 101 255 236 042 018
0305 011 016 000 001 246 255 000 000 015 054 049 077 255 255 029 026
0306 035 042 000 001 215 255 000 000 029 050 085 118 255 255 022 022
0307 052 061 000 007 218 255 000 000 026 064 109 150 255 255 022 039
0308 047 076 000 004 247 255 000 000 016 071 098 177 255 255 044 033
0309 035 087 000 004 255 255 006 000 011 056 083 196 255 255 058 008
0310 031 085 000 000 255 255 011 000 015 035 075 196 255 235 069 001
0311 024 077 001 000 255 255 011 000 051 037 065 182 255 201 068 005
0312 018 065 013 000 240 255 000 000 073 021 055 161 255 166 042 017
0313 000 058 013 000 205 255 011 000 074 033 023 148 255 149 067 046
0314 000 052 011 000 192 255 017 000 071 040 009 138 255 152 078 032
0315 000 048 002 000 222 255 025 000 054 017 021 130 255 146 093 046
0316 001 050 000 000 236 255 043 000 038 012 031 132 255 136 122 037
0317 001 045 000 000 199 255 051 000 023 020 029 122 255 175 139 041
0318 001 030 000 000 149 255 050 000 009 018 030 095 255 230 136 048
0319 000 002 000 003 198 255 051 000 007 058 025 048 255 255 132 020
0320 000 000 000 009 255 255 038 000 020 066 012 022 255 255 113 019
0321 000 000 000 004 255 255 013 004 032 047 000 043 255 255 070 063
0322 000 020 000 000 255 255 000 021 020 024 000 082 255 255 043 090
0323 000 032 000 000 255 255 000 020 003 019 000 103 255 255 008 086
0324 000 044 000 004 255 255 000 003 000 051 016 124 255 255 019 056
0325 000 058 000 009 255 255 000 004 000 067 028 146 255 255 028 061
0326 008 059 000 004 255 255 000 003 000 053 043 146 255 255 047 058
0327 007 051 000 002 255 255 011 000 000 047 037 131 255 255 067 021
0328 000 049 000 000 255 255 007 000 022 042 028 129 246 255 059 011
0329 002 043 000 002 254 255 015 000 021 058 034 118 255 223 072 013
0330 009 041 000 025 235 255 011 000 008 097 042 119 255 208 067 002
0331 003 050 000 020 230 255 009 000 001 087 033 129 255 238 067 004
0332 000 053 000 032 190 255 008 000 014 110 029 135 255 255 063 011
0333 000 046 000 028 135 255 011 000 008 099 019 122 255 255 056 021
0334 000 027 000 004 128 255 000 000 026 058 016 091 255 255 031 030
0335 000 010 000 000 152 255 000 000 041 025 008 062 255 255 039 022
0336 000 000 000 000 186 255 006 000 045 028 004 044 255 255 056 010
0337 000 000 000 000 243 255 013 000 040 036 002 049 255 255 066 016
0338 000 006 000 000 255 255 000 000 009 049 025 059 255 255 040 023
0339 007 008 000 000 255 255 000 000 002 027 040 063 255 255 037 012
0340 005 005 000 000 255 255 012 000 001 034 036 056 255 255 068 000
0341 000 001 000 000 194 227 018 000 006 034 028 050 255 255 080 001
0342 000 000 000 000 131 151 011 000 000 050 020 035 255 255 069 000
0343 000 000 000 000 223 202 007 000 006 043 063 034 255 255 060 015
0344 000 000 000 000 255 252 006 000 004 021 002 028 255 255 058 025
0345 000 000 000 000 255 255 000 000 006 010 018 044 253 255 038 008
0346 004 010 000 000 255 255 000 000 002 017 038 062 240 255 029 015
0347 004 027 000 000 255 255 004 000 000 028 036 091 255 255 056 024
0348 003 045 000 000 255 255 021 000 000 037 032 127 255 249 085 031
0349 001 058 000 008 255 255 027 000 006 064 031 150 255 216 094 034
0350 000 053 000 003 255 255 030 000 008 053 021 138 255 206 099 042
0351 000 036 000 000 255 255 022 000 008 024 000 109 255 235 104 021
0352 000 030 000 000 255 255 013 000 000 020 000 094 255 255 070 005
0353 000 013 000 000 255 255 021 000 000 045 000 067 255 255 085 001
0354 000 009 000 014 255 255 032 000 001 079 009 059 255 255 103 000
0355 004 024 000 042 232 255 045 000 000 131 037 088 255 255 129 000
0356 019 051 000 049 201 255 046 000 000 142 059 132 255 255 131 000
0357 035 063 000 049 225 255 046 001 000 139 085 152 255 255 129 000
0358 043 057 000 045 247 255 037 000 007 127 093 140 255 255 113 000
0359 045 046 000 046 255 255 017 000 026 134 096 123 255 255 078 005
0360 043 028 000 036 255 255 012 000 032 116 093 093 255 255 067 025
0361 038 026 000 026 255 255 000 000 016 097 084 089 255 255 048 005
0362 033 021 000 004 255 255 000 000 017 050 078 085 255 255 028 009
0363 023 025 000 002 255 255 009 000 017 058 064 088 255 229 060 012
0364 014 020 000 000 152 255 018 000 013 043 050 080 255 215 080 010
0365 000 014 000 000 043 221 032 000 018 034 024 070 255 213 102 007
0366 000 004 000 000 046 139 026 000 017 017 000 053 255 237 089 039
0367 000 000 000 000 124 255 008 000 025 014 000 035 255 253 062 032
0368 000 000 000 000 184 255 006 000 032 008 000 028 255 251 057 024
0369 000 000 000 000 249 255 022 010 027 044 008 036 255 254 088 013
0370 000 000 000 000 255 255 019 000 010 045 008 013 255 255 084 025
0371 000 000 000 004 255 255 025 000 004 060 000 000 255 255 090 038
0372 000 000 000 016 255 255 018 000 010 083 003 003 255 255 077 049
0373 000 000 000 000 255 255 003 000 000 038 005 022 170 255 053 042
0374 000 000 000 002 255 255 013 000 026 051 000 044 167 255 070 026
0375 000 000 000 000 255 255 026 000 039 038 000 041 219 255 093 053
0376 000 000 002 000 255 255 040 004 051 019 000 021 255 255 118 062
0377 000 000 005 000 255 255 041 002 058 040 000 003 255 255 120 057
0378 000 000 004 003 255 255 045 006 055 059 000 015 255 255 124 065
0379 000 000 000 014 246 255 044 000 023 077 018 021 255 255 122 044
0380 000 003 000 016 255 236 051 000 008 079 023 052 255 255 136 041
0381 000 022 000 008 255 186 046 000 001 066 022 090 255 255 128 042
0382 000 031 000 012 255 225 027 007 000 073 019 104 255 255 094 071
0383 000 031 000 006 255 255 029 012 010 062 021 101 255 255 098 076
0384 000 017 000 007 255 255 025 011 014 062 006 077 255 255 096 074
0385 000 004 000 000 255 255 029 027 013 037 000 054 255 255 102 075
0386 000 001 000 000 255 255 031 000 009 008 003 047 255 246 103 043
0387 000 000 000 000 255 255 026 000 026 008 008 033 207 236 094 026
0388 000 000 001 000 221 255 023 000 049 000 041 035 168 232 089 033
0389 000 000 003 000 119 253 011 008 055 000 030 038 212 226 068 065
0390 015 006 010 000 106 228 000 011 065 002 052 058 255 223 012 072
0391 013 006 006 000 133 254 000 000 061 000 051 057 255 205 034 046
0392 011 009 000 000 212 255 000 000 029 001 046 062 255 187 040 049
0393 000 001 000 000 255 255 000 000 002 019 012 046 255 186 040 051
0394 000 000 000 000 255 255 000 000 000 012 012 024 255 227 032 021
0395 000 000 000 000 255 255 000 000 024 016 028 039 255 255 035 016
0396 005 000 000 000 255 255 000 000 047 007 038 038 255 255 034 021
0397 009 000 000 000 255 255 000 000 046 000 042 037 255 255 036 020
0398 012 003 000 000 255 255 005 003 044 000 046 051 255 255 060 056
0399 005 000 000 000 235 255 011 000 026 000 037 043 255 255 066 044
0400 000 000 000 000 172 255 011 001 026 000 011 044 255 255 064 054
0401 000 003 000 000 144 255 012 001 024 000 004 051 255 217 068 054
0402 000 017 000 000 128 255 030 001 028 000 000 078 255 173 099 052
0403 000 025 004 000 117 255 046 003 055 000 000 092 255 131 127 055
0404 000 034 008 000 102 255 039 000 063 000 024 103 255 098 117 014
0405 010 044 000 000 110 255 025 000 029 034 045 120 255 076 094 027
0406 015 035 000 001 160 255 009 000 000 052 051 102 255 107 064 012
0407 013 018 000 000 199 255 015 000 000 027 047 077 255 149 076 000
0408 011 000 000 000 239 255 025 000 000 017 044 035 246 232 090 037
0409 007 000 000 000 241 255 038 000 000 004 038 049 245 255 111 032
0410 013 026 000 000 245 255 029 015 000 021 024 090 255 255 095 081
0411 000 035 000 000 255 255 013 023 000 040 018 106 255 255 070 093
0412 000 034 000 012 255 255 008 011 001 075 010 102 255 255 059 072
0413 000 039 000 031 255 255 002 000 006 106 005 113 255 255 051 098
0414 000 056 000 038 237 255 000 000 000 118 013 141 255 255 034 018
0415 000 058 000 045 248 255 000 000 003 130 014 146 255 219 041 042
0416 000 054 000 031 255 255 000 003 016 109 017 136 255 164 032 057
0417 000 029 000 014 250 221 000 000 021 079 024 093 255 111 035 053
0418 000 004 000 000 221 185 001 003 021 042 019 067 255 111 048 062
0419 000 000 000 000 164 170 000 008 019 029 026 016 255 131 043 065
0420 000 000 000 000 102 162 000 000 019 037 024 024 255 146 049 038
0421 000 001 000 000 082 149 001 000 002 018 027 048 255 169 049 026
0422 000 002 000 000 101 141 005 000 000 010 026 050 130 191 057 036
0423 000 014 000 000 146 161 014 000 000 007 028 073 226 217 076 038
0424 000 028 000 000 203 185 012 000 000 010 029 093 255 240 069 020
0425 005 017 000 000 195 206 004 000 011 017 039 076 255 254 057 033
0426 005 000 000 000 138 216 010 000 028 038 037 038 255 255 064 048
0427 001 000 000 000 060 195 006 000 025 043 029 019 255 247 059 050
0428 000 006 000 000 065 216 027 002 015 047 018 061 255 235 096 060
0429 000 029 000 000 177 255 066 012 018 029 000 100 255 228 163 073
0430 000 039 000 000 212 255 079 010 016 009 003 117 255 215 187 070
0431 000 049 000 000 211 255 097 000 019 006 005 126 236 179 224 042
0432 000 041 000 000 223 255 107 015 013 000 004 114 211 134 230 079
0433 000 039 000 000 222 255 101 031 000 001 013 109 205 096 220 111
0434 006 029 000 000 177 255 077 018 000 000 040 098 199 069 179 083
0435 016 033 000 000 122 233 055 006 000 001 053 104 190 064 140 061
0436 011 040 000 000 110 159 029 000 000 003 044 112 192 064 097 030
0437 000 043 000 000 167 083 013 000 001 020 007 123 210 063 076 043
0438 000 038 000 000 208 106 047 000 015 028 006 113 230 063 133 055
0439 000 033 000 000 211 219 046 000 025 039 000 103 244 073 125 051
0440 000 023 000 000 174 255 038 000 025 040 002 089 248 082 110 024
0441 000 018 000 000 121 255 016 003 016 009 019 078 241 109 076 000
0442 000 010 000 000 107 255 000 000 000 000 031 064 232 159 039 021
0443 001 006 000 000 133 255 012 000 002 000 033 056 219 204 070 031
0444 002 000 000 000 160 255 030 000 000 000 033 044 233 228 099 018
0445 005 000 000 000 171 255 041 000 000 000 039 031 240 202 120 004
0446 001 000 000 000 160 255 041 000 000 028 033 037 185 122 116 009
0447 000 000 000 008 107 255 028 000 005 067 023 030 184 056 095 013
0448 000 000 000 023 043 255 023 000 018 091 000 041 203 013 090 023
0449 000 000 000 039 002 255 035 000 012 122 000 037 230 005 109 015
0450 000 000 000 063 045 255 028 000 009 163 000 033 228 055 096 030
0451 000 000 000 077 073 255 015 000 001 190 000 030 195 097 073 052
0452 000 000 000 095 069 255 001 008 000 219 017 018 157 123 047 069
0453 006 018 000 082 074 255 000 006 009 198 039 080 117 146 043 066
0454 019 034 000 054 076 255 000 010 012 150 057 108 182 152 032 071
0455 018 048 000 029 073 255 000 018 028 103 055 127 197 148 027 087
0456 009 060 000 010 074 255 000 015 007 070 041 148 171 139 035 081
0457 000 055 000 000 090 255 003 006 000 044 019 139 177 135 053 067
0458 000 043 000 008 108 255 012 002 000 065 004 118 211 137 100 055
0459 000 035 000 024 191 255 059 000 008 094 000 105 232 148 150 011
0460 000 033 000 018 255 255 080 000 032 084 000 102 253 170 187 000
0461 000 020 000 003 255 255 090 000 031 053 000 079 255 177 203 000
0462 000 010 000 000 255 255 083 000 039 021 000 062 255 169 188 024
0463 000 000 000 000 213 255 068 000 040 007 000 043 255 155 166 018
0464 000 000 000 000 075 255 072 000 038 014 015 039 255 145 172 001
0465 000 000 000 000 077 216 059 000 036 016 000 021 255 147 148 000
0466 000 000 000 000 117 143 054 000 033 035 011 026 255 157 143 004
0467 000 000 000 000 107 114 057 000 000 034 020 037 255 175 142 021
0468 005 025 000 000 053 255 030 000 000 010 038 089 205 191 098 033
0469 008 039 000 000 000 255 028 002 000 023 041 115 170 195 097 037
0470 008 039 000 000 009 255 031 000 000 005 042 116 170 208 100 042
0471 001 032 000 000 031 255 013 000 000 010 029 102 155 205 070 008
0472 000 020 000 000 045 255 002 000 000 000 004 079 157 186 053 023
0473 000 022 000 000 062 255 007 000 000 013 000 086 166 157 061 040
0474 000 035 000 000 081 255 014 000 000 028 000 106 183 119 073 032
0475 000 039 000 000 138 237 016 000 000 042 004 115 226 068 074 000
0476 000 044 000 002 186 234 015 000 000 058 000 121 251 085 073 005
0477 000 034 000 002 194 230 015 000 004 055 000 104 247 162 074 000
0478 007 030 000 008 185 203 017 000 000 061 018 097 239 231 080 001
0479 005 017 000 002 170 177 017 000 009 053 039 073 226 255 076 000
0480 018 000 000 001 168 155 010 002 020 052 056 032 223 255 067 000
0481 042 012 000 022 203 168 013 000 003 094 091 068 255 255 069 019
0482 063 033 000 029 179 144 010 000 001 096 121 107 255 255 065 013
0483 080 041 000 013 126 152 028 000 000 072 147 118 255 255 093 037
0484 080 040 000 000 097 167 029 000 015 048 146 112 255 255 096 028
0485 077 028 000 000 086 201 023 000 029 043 141 091 255 255 097 014
0486 062 018 000 000 111 228 026 000 022 045 119 078 255 255 093 015
0487 039 012 000 000 121 241 005 000 019 050 081 070 255 255 060 000
0488 017 002 000 004 168 255 001 000 015 058 055 051 255 255 052 000
0489 011 005 000 002 254 255 028 000 009 053 045 055 255 255 102 013
0490 013 031 000 002 255 255 057 000 004 053 049 104 255 255 145 000
0491 003 048 000 000 255 255 063 000 018 044 031 127 255 255 158 012
0492 000 054 000 000 255 150 077 000 028 023 009 141 255 255 185 015
0493 000 056 000 000 203 128 074 000 031 009 000 145 255 255 180 020
0494 000 057 000 000 110 197 061 000 024 022 000 147 255 228 157 040
0495 000 036 000 000 166 255 037 000 029 007 000 107 255 171 113 029
0496 000 016 000 000 224 255 020 000 006 024 000 071 255 127 084 016
0497 000 000 000 000 253 255 017 000 019 031 000 042 255 108 078 019
0498 000 000 000 000 255 255 037 000 032 025 011 033 255 118 112 020
0499 000 000 000 000 255 175 058 000 024 023 013 033 255 157 148 026
0500 000 000 000 000 255 068 069 000 015 015 011 004 255 206 166 021
0501 000 000 000 000 255 058 048 000 011 000 000 003 255 255 131 014
0502 000 000 000 000 242 146 045 000 007 000 000 013 255 255 124 021
0503 000 000 000 000 208 203 027 000 023 000 000 011 255 255 089 023
0504 000 000 000 000 174 253 014 000 015 000 014 014 255 255 069 051
0505 000 000 000 000 213 240 020 000 000 031 007 004 254 255 082 030
0506 000 000 000 002 226 184 041 000 017 051 020 008 221 255 118 017
0507 000 000 004 000 185 133 036 000 056 042 000 007 167 255 108 035
0508 000 000 032 000 164 088 049 000 103 033 000 000 134 239 134 040
0509 000 000 054 000 122 098 044 000 143 038 003 000 160 245 123 013
0510 000 000 055 000 124 174 037 000 141 027 019 002 205 239 111 013
0511 010 000 036 000 149 254 031 000 110 029 044 001 221 226 100 010
0512 019 000 007 000 253 255 016 000 060 020 058 022 194 225 077 017
0513 020 000 000 000 255 255 000 000 012 011 059 043 125 218 045 000
0514 014 007 000 000 255 255 031 000 018 046 048 061 087 242 101 006
0515 005 007 000 014 255 255 046 000 014 076 038 061 130 255 126 000
0516 007 000 000 028 255 255 042 000 018 105 042 024 216 255 119 000
0517 012 000 000 034 255 255 052 000 002 115 048 009 255 250 138 045
0518 032 000 000 032 244 255 041 004 021 111 057 005 255 196 117 060
0519 018 000 000 016 104 184 026 000 042 080 054 000 255 120 091 029
0520 001 000 003 004 088 184 013 000 054 059 030 000 255 090 070 044
0521 000 000 010 000 180 255 012 000 068 047 017 000 255 067 069 012
0522 000 000 008 000 192 255 019 000 061 033 000 010 255 133 075 000
0523 000 000 023 000 123 255 000 000 090 035 000 013 255 177 038 026
0524 000 000 021 007 082 255 003 008 083 065 000 000 255 188 053 069
0525 000 000 011 012 041 255 000 032 067 073 000 017 255 168 038 116
0526 000 000 007 039 093 255 001 015 060 126 000 009 255 136 024 083
0527 000 000 020 046 051 255 000 003 083 133 003 000 255 094 037 057
0528 000 000 041 044 067 227 000 000 120 129 016 001 255 087 045 042
0529 004 000 066 044 113 177 001 000 165 128 042 031 255 090 047 008
0530 000 003 045 042 125 202 008 000 125 125 029 049 255 107 064 000
0531 000 000 007 027 155 254 002 000 059 100 011 046 255 100 045 001
0532 000 005 000 016 224 255 023 000 036 078 003 053 255 077 088 014
0533 000 003 006 012 255 255 009 000 060 072 010 050 255 079 065 020
0534 000 003 014 012 255 235 007 014 074 074 012 051 255 111 061 031
0535 000 017 065 023 254 183 004 000 162 093 002 075 177 141 053 058
0536 000 020 070 041 238 199 017 000 171 133 000 081 115 141 082 038
0537 000 015 041 041 204 187 037 000 117 121 002 071 091 130 109 049
0538 000 007 000 035 170 129 046 000 009 113 016 057 122 129 130 040
0539 000 011 041 027 239 126 050 000 122 102 017 065 203 121 138 017
0540 000 013 061 021 255 145 053 000 154 092 001 068 254 119 142 000
0541 000 006 046 005 255 190 044 000 128 062 000 057 255 105 125 000
0542 000 000 030 015 255 240 034 000 102 077 000 033 255 074 102 000
0543 000 000 016 000 255 255 032 000 076 036 000 033 255 056 103 000
0544 000 000 022 000 255 255 027 000 088 046 000 034 248 060 093 000
0545 000 000 054 000 255 255 018 000 143 022 016 039 208 079 079 000
0546 000 001 071 000 245 254 011 000 175 000 017 049 188 111 078 007
0547 000 006 093 000 255 211 006 000 208 018 012 054 198 134 054 015
0548 000 015 045 000 255 228 003 000 125 012 004 070 218 152 055 027
0549 000 017 000 000 255 255 009 000 035 007 009 075 215 172 066 018
0550 000 018 000 000 255 255 001 000 019 027 015 077 205 208 046 028
0551 000 015 000 000 255 255 000 000 042 012 023 072 208 238 034 020
0552 001 012 025 000 255 255 000 000 092 023 031 067 239 241 027 021
0553 013 013 060 000 253 255 000 000 154 019 044 071 255 237 016 027
0554 012 013 088 000 158 248 012 000 205 019 047 067 255 186 070 034
0555 006 003 084 000 072 193 029 000 196 021 037 048 255 158 097 006
0556 001 000 070 000 103 222 034 000 170 036 028 010 255 152 106 009
0557 000 000 076 000 184 255 015 000 185 030 002 009 255 116 075 004
0558 000 000 075 000 127 255 006 000 179 024 000 031 255 098 059 012
0559 000 000 065 000 035 255 000 000 160 031 000 043 255 080 033 037
0560 000 000 037 000 217 255 000 004 110 047 001 036 255 071 026 062
0561 000 000 010 000 255 255 000 006 064 042 021 022 255 100 033 064
0562 000 000 000 003 255 194 000 001 036 057 018 038 255 123 042 051
0563 000 000 000 002 255 139 003 000 020 053 008 023 255 141 052 052
0564 000 000 000 000 255 131 000 005 010 042 008 001 248 162 038 060
0565 000 000 000 001 255 176 000 005 010 051 003 010 206 175 035 062
0566 000 000 000 000 255 194 000 000 000 027 000 000 147 178 048 017
0567 000 000 000 000 255 202 007 000 000 040 000 000 101 148 061 000
0568 000 000 000 000 255 151 019 000 000 041 006 000 089 123 082 000
0569 000 000 000 000 255 084 010 000 000 035 000 015 097 103 064 011
0570 000 000 000 003 255 083 004 000 000 055 000 024 084 111 055 020
0571 000 000 000 001 255 094 015 000 000 048 000 018 060 171 073 034
0572 000 000 000 000 255 130 005 000 009 030 000 037 023 238 055 035
0573 000 008 000 002 213 137 000 000 014 055 000 061 028 255 031 025
0574 000 001 000 000 181 234 000 000 017 029 007 045 103 255 019 030
0575 000 000 000 002 255 255 000 000 000 051 016 030 183 253 023 016
0576 000 000 000 002 255 255 015 000 000 050 009 013 254 210 078 021
0577 000 000 000 000 255 255 034 000 000 039 000 000 255 145 108 033
0578 000 000 000 000 255 255 034 000 002 041 000 000 255 108 107 025
0579 000 000 000 000 255 238 027 000 012 027 000 000 255 106 093 016
0580 000 000 000 000 255 196 019 000 017 023 000 000 255 126 080 014
0581 000 000 000 000 205 198 014 000 022 027 000 002 255 142 073 011
0582 000 000 000 000 140 255 012 000 028 001 000 010 255 160 068 013
0583 000 000 000 000 216 255 031 000 018 022 000 033 255 165 098 009
0584 000 006 000 000 255 255 031 000 011 004 000 055 255 184 106 000
0585 000 009 000 000 255 255 046 000 000 021 000 062 255 189 127 010
0586 000 002 000 000 255 255 045 000 000 026 000 047 255 175 124 008
0587 000 000 000 000 255 255 045 000 000 010 007 042 255 158 129 000
0588 000 000 000 000 255 255 056 000 015 009 021 018 218 118 145 010
0589 000 000 000 000 255 255 062 000 020 039 069 035 121 075 155 010
0590 000 000 000 021 255 255 068 000 014 092 019 037 058 044 168 020
0591 000 000 000 022 255 255 070 000 019 094 000 037 074 018 166 027
0592 000 010 000 015 255 255 050 000 005 077 000 063 122 066 134 029
0593 000 019 000 000 228 255 046 009 001 029 000 077 160 095 125 017
0594 000 022 000 000 158 238 030 000 011 009 003 083 197 106 096 023
0595 000 019 002 000 106 152 012 000 050 013 012 077 214 101 067 024
0596 000 009 024 000 113 170 012 000 087 026 014 061 207 088 066 020
0597 000 014 031 000 077 182 007 000 104 048 025 071 241 114 060 042
0598 001 018 031 014 058 198 000 000 106 077 032 076 255 126 039 035
0599 002 019 036 013 040 179 003 000 109 073 032 080 254 133 053 029
0600 006 025 001 018 019 198 000 000 046 079 036 092 255 159 049 055
0601 002 016 001 013 019 207 000 000 045 074 036 077 231 191 029 033
0602 005 012 027 018 017 234 002 000 097 086 038 069 210 231 051 018
0603 003 012 046 038 026 202 000 000 132 120 034 069 175 245 042 000
0604 004 007 067 044 017 137 000 000 169 128 034 060 168 252 038 000
0605 000 000 061 031 048 090 000 000 157 106 024 042 152 241 041 000
0606 000 000 045 016 064 057 013 000 128 079 010 036 099 193 068 000
0607 000 000 033 000 059 042 024 000 109 049 000 043 060 126 091 000
0608 000 000 045 000 067 049 025 000 131 027 000 041 055 065 090 000
0609 000 000 058 000 046 049 027 000 153 025 000 020 090 004 093 000
0610 000 000 051 000 030 063 018 000 139 025 011 012 123 000 080 000
0611 000 000 032 004 053 071 019 010 110 061 027 001 140 008 083 000
0612 003 000 029 032 038 088 019 000 101 120 038 000 139 019 082 036
0613 003 000 029 039 042 106 021 000 101 124 033 032 142 046 084 000
0614 000 000 089 036 033 101 020 000 204 117 021 020 122 049 083 000
0615 000 000 120 039 018 065 024 000 254 119 002 030 120 058 087 000
0616 000 001 123 041 036 062 018 000 255 122 000 050 146 079 077 000
0617 000 005 139 033 037 101 000 000 255 109 000 057 157 109 045 000
0618 000 001 147 014 054 171 012 000 255 073 013 048 157 143 070 000
0619 000 000 170 000 104 200 014 000 255 012 023 040 121 167 069 001
0620 001 005 178 000 125 223 015 000 255 018 031 054 077 173 076 001
0621 001 017 171 000 118 246 008 000 255 020 028 074 074 174 063 000
0622 000 017 149 000 051 255 000 000 255 040 025 074 058 146 033 000
0623 002 005 135 016 071 255 002 000 255 079 032 054 034 114 050 000
0624 018 000 118 017 188 255 000 000 250 081 056 036 036 075 047 000
0625 033 000 098 038 255 255 000 000 218 117 078 022 056 036 041 000
0626 048 004 056 000 255 255 000 000 146 048 100 055 075 031 034 000
0627 045 023 031 002 215 255 007 000 101 056 096 085 102 044 059 000
0628 040 034 002 019 130 255 022 000 051 089 087 104 108 076 087 000
0629 035 041 000 029 112 255 025 000 000 106 083 113 108 096 089 000
0630 041 032 000 046 252 255 016 000 000 139 090 100 107 096 077 000
0631 050 034 001 044 255 255 003 000 049 133 101 103 104 096 051 000
0632 039 030 015 039 255 255 002 000 074 119 085 095 120 081 052 000
0633 020 014 014 030 255 255 000 000 073 104 058 069 174 069 026 000
0634 000 000 011 010 255 255 000 000 069 068 028 038 227 065 024 000
0635 000 000 009 000 255 255 000 006 067 024 000 020 255 058 039 000
0636 000 000 000 000 255 226 000 000 044 011 000 011 255 074 035 000
0637 004 000 000 000 255 152 000 000 033 009 038 028 255 083 035 000
0638 045 000 000 000 252 131 000 000 033 017 094 037 255 090 044 000
0639 060 000 000 000 216 169 000 000 028 006 117 012 255 082 033 000
0640 069 000 000 000 194 255 000 000 011 009 133 026 228 070 031 000
0641 076 003 000 000 215 255 000 000 009 023 144 053 208 061 015 000
0642 086 012 000 000 255 255 000 000 009 035 158 066 188 068 030 000
0643 106 037 000 000 255 255 000 000 005 006 185 115 165 090 043 000
0644 132 049 000 000 255 255 000 000 000 004 221 130 164 091 037 000
0645 148 048 000 001 255 255 000 009 000 048 243 126 178 087 040 002
0646 148 039 000 028 255 255 000 000 000 099 245 111 204 097 035 020
0647 139 024 000 047 255 255 000 000 010 135 233 086 247 114 040 004
0648 131 030 000 046 255 255 000 000 012 131 220 097 255 136 033 000
0649 114 038 000 045 255 255 000 000 000 131 193 109 255 166 047 016
0650 105 038 000 043 255 255 017 000 015 127 182 111 255 158 076 008
0651 099 036 000 037 255 255 026 011 023 117 173 107 255 145 090 000
0652 095 032 000 032 212 255 028 000 000 108 165 100 255 134 096 000
0653 082 030 000 031 152 255 033 000 000 105 147 098 255 120 105 000
0654 059 022 000 034 087 255 029 000 000 110 116 085 255 117 097 012
0655 043 016 000 030 024 255 019 000 000 102 090 077 255 123 079 022
0656 013 032 000 043 032 255 019 000 000 130 050 100 247 156 081 035
0657 052 000 000 048 113 255 018 000 000 135 106 042 182 162 079 009
0658 056 000 000 057 205 233 012 000 000 150 112 048 165 201 067 004
0659 051 015 000 051 243 255 015 000 004 145 103 073 192 228 075 000
0660 060 023 000 034 159 255 023 000 007 109 117 086 200 241 086 000
0661 044 022 000 008 153 255 031 000 007 065 090 087 227 224 100 000
0662 032 020 000 000 192 255 029 000 000 048 074 078 214 180 095 000
0663 017 010 000 003 224 255 009 000 000 055 052 061 212 138 065 008
0664 002 018 000 000 185 246 002 000 000 029 029 077 255 124 056 009
0665 000 021 000 000 117 196 012 000 000 014 014 084 255 135 068 019
0666 000 026 000 001 099 186 023 000 000 051 010 091 255 149 089 022
0667 000 023 000 027 121 236 027 000 000 100 002 086 255 159 095 020
0668 000 024 000 033 237 228 028 000 000 110 000 085 255 173 094 002
0669 000 020 000 033 255 255 017 000 000 113 000 080 198 159 080 006
0670 000 019 000 030 255 255 005 000 000 107 000 078 193 134 055 006
0671 000 013 000 027 234 210 006 000 000 101 000 069 184 120 057 002
0672 000 020 000 032 123 181 000 000 000 110 000 080 215 112 041 009
0673 000 012 000 027 070 143 000 000 000 100 000 065 215 108 043 012
0674 000 014 000 032 151 175 000 000 000 108 000 070 215 105 036 020
0675 000 025 000 018 247 187 000 000 000 084 000 088 210 100 036 019
0676 000 033 000 001 255 207 000 000 006 051 000 102 211 099 033 010
0677 000 026 000 000 255 222 001 000 017 050 000 089 242 148 050 024
0678 000 007 002 005 255 227 009 000 053 063 005 058 255 189 062 033
0679 000 000 012 027 255 221 006 000 070 104 000 039 255 211 057 027
0680 000 000 008 041 255 227 012 000 064 129 010 017 255 191 068 012
0681 000 000 000 039 255 220 008 000 048 127 015 001 255 155 060 000
0682 000 000 000 031 253 197 000 000 032 108 004 000 255 122 047 020
0683 000 000 000 019 255 185 000 000 031 086 001 000 251 115 035 000
0684 000 000 000 009 255 141 000 000 045 069 000 020 178 110 019 000
0685 000 000 003 000 255 103 001 000 053 037 000 021 110 097 066 000
0686 005 000 011 000 255 077 018 000 069 038 061 021 113 100 077 000
0687 042 000 011 009 255 085 006 000 067 071 092 023 102 110 057 000
0688 060 000 003 005 255 103 000 000 051 060 118 018 098 102 034 017
0689 071 000 000 007 255 117 007 000 025 065 149 024 091 079 060 020
0690 079 000 000 026 255 088 027 000 024 096 145 034 073 062 094 021
0691 105 003 000 023 244 085 017 000 024 092 185 050 067 078 076 004
0692 120 012 002 023 152 074 000 000 051 093 208 066 061 080 045 000
0693 145 021 001 008 036 140 000 000 050 064 241 086 070 072 032 007
0694 153 043 000 000 088 146 000 000 039 038 250 123 085 098 024 001
0695 131 052 000 000 131 087 001 000 043 033 222 133 111 131 050 000
0696 125 029 007 000 107 061 018 000 061 041 215 094 138 155 077 000
0697 128 021 000 000 180 089 013 000 033 031 216 082 159 161 069 000
0698 138 022 000 000 255 150 000 000 040 031 233 087 178 152 042 000
0699 141 040 000 026 255 187 000 000 035 100 236 119 183 102 045 000
0700 149 057 000 029 255 222 004 000 035 107 248 149 162 059 057 000
0701 130 060 000 024 255 198 015 000 034 095 222 152 146 030 076 000
0702 118 064 000 010 199 140 010 000 021 070 206 160 143 028 063 000
0703 109 055 000 007 089 051 000 000 010 064 192 144 146 047 018 000
0704 084 037 000 006 175 167 001 000 017 063 152 113 144 067 047 000
0705 061 024 000 004 207 255 002 000 020 062 115 086 142 073 051 000
0706 040 019 000 002 217 255 002 000 032 056 083 080 131 075 052 000
0707 074 036 006 000 221 255 000 003 058 052 141 110 173 062 042 000
0708 119 042 014 000 242 255 000 000 073 032 204 117 212 032 042 000
0709 145 028 019 000 255 255 000 000 082 038 241 091 223 005 024 000
0710 172 000 017 000 255 255 004 000 077 052 255 035 218 003 053 000
0711 205 000 011 000 255 255 005 000 068 047 255 044 216 019 055 000
0712 221 009 000 000 255 255 000 000 048 043 255 065 217 040 041 000
0713 222 045 000 000 255 255 000 000 039 045 255 130 199 057 023 000
0714 212 052 000 003 255 255 000 000 029 047 255 136 175 086 045 000
0715 184 028 000 002 255 255 000 000 024 052 255 094 144 122 028 000
0716 126 012 000 000 219 235 000 000 023 026 215 068 130 157 013 013
0717 098 023 000 000 110 255 000 000 011 019 172 092 100 195 000 024
0718 056 026 000 000 147 255 000 000 021 037 112 091 092 225 016 012
0719 023 010 000 000 202 250 000 000 014 042 061 063 125 229 037 008
0720 009 000 000 000 187 227 005 000 012 039 044 037 168 229 056 000
0721 000 018 000 000 142 240 008 000 014 052 019 083 202 231 061 000
0722 000 022 000 005 125 243 010 000 000 059 009 086 232 226 066 000
0723 000 023 000 000 190 239 015 013 000 042 000 084 246 223 072 001
0724 000 007 000 000 214 242 008 032 000 032 000 056 255 219 061 011
0725 000 000 000 000 230 255 008 000 000 016 000 014 255 211 062 015
0726 000 000 000 000 182 255 000 000 000 016 000 034 255 187 028 033
0727 000 012 000 003 145 255 000 000 000 057 012 068 255 157 019 050
0728 000 020 000 000 174 255 000 000 000 049 020 080 255 123 038 048
0729 000 014 000 013 182 255 000 000 000 075 031 069 237 061 038 040
0730 000 000 000 009 198 255 000 000 000 067 017 043 208 041 026 012
0731 000 012 000 007 177 255 000 000 000 063 008 066 173 088 018 000
0732 000 029 000 011 154 255 000 000 007 072 002 094 132 139 038 000
0733 000 033 000 021 152 255 006 000 011 089 000 103 098 158 062 000
0734 000 044 000 042 170 255 024 000 015 127 000 120 082 141 090 000
0735 000 035 000 047 146 255 010 000 005 134 000 104 108 129 062 000
0736 000 010 000 030 101 255 000 000 000 105 000 062 135 085 030 000
0737 000 000 000 018 243 255 000 000 000 083 000 039 155 065 024 000
0738 000 006 000 007 255 255 000 000 000 063 000 056 167 081 003 000
0739 000 003 000 000 255 255 000 000 000 049 000 052 193 097 033 000
0740 002 008 000 000 255 255 013 000 000 041 000 060 236 108 069 000
0741 000 006 000 000 199 255 019 000 000 041 000 056 255 114 078 000
0742 000 000 000 000 197 255 024 000 014 038 000 030 255 124 093 000
0743 000 008 000 000 255 232 033 000 021 044 000 062 255 139 108 000
0744 000 027 000 000 255 176 021 000 040 032 000 093 255 144 082 000
0745 000 030 000 000 255 155 011 000 027 033 001 098 255 150 065 000
0746 000 025 000 000 230 141 000 000 011 014 002 089 254 160 034 009
0747 000 030 000 000 178 157 000 016 041 020 001 098 218 169 020 013
0748 000 039 000 007 118 191 000 000 039 065 000 113 218 160 019 001
0749 000 037 000 028 055 212 000 000 021 101 000 107 221 153 045 001
0750 000 039 000 033 032 226 002 000 009 110 000 112 215 145 051 000
0751 000 054 000 032 119 244 012 000 002 108 000 139 214 134 066 000
0752 000 068 000 020 105 205 015 000 009 087 000 168 226 114 080 011
0753 000 092 000 004 044 174 040 000 013 057 000 206 244 088 116 006
0754 000 118 000 000 034 145 044 000 037 019 000 250 253 077 124 021
0755 000 119 000 000 060 146 038 000 046 027 000 251 232 096 114 034
0756 000 093 000 000 142 255 025 000 042 028 000 207 235 104 092 044
0757 000 067 000 001 162 255 027 007 030 056 000 159 255 089 097 066
0758 000 055 000 019 137 255 050 005 000 083 000 138 255 068 055 063
0759 000 046 000 025 134 255 000 005 000 094 000 122 255 040 030 064
0760 000 024 000 007 136 255 006 010 001 064 000 086 255 047 058 071
0761 000 009 000 000 111 255 002 004 005 046 005 062 255 066 050 056
0762 000 023 000 000 140 255 008 000 002 029 028 087 255 085 060 030
0763 007 025 000 000 206 255 010 000 000 012 040 089 229 105 056 020
0764 002 030 000 000 233 255 017 000 000 000 031 100 237 117 078 010
0765 001 050 000 000 226 255 023 000 000 008 047 135 255 133 085 000
0766 000 050 000 000 209 248 005 000 000 006 010 132 255 139 059 000
0767 000 039 000 000 157 234 000 000 000 016 000 110 255 141 042 000
0768 000 019 000 000 090 228 000 000 000 017 002 078 255 137 030 001
0769 000 017 000 000 102 234 000 000 000 015 006 073 255 127 032 008
0770 000 013 000 000 132 228 000 000 000 014 000 068 255 124 037 016
0771 001 008 000 000 183 218 001 000 022 013 000 058 255 137 050 016
0772 000 000 000 000 254 217 020 005 029 019 000 045 255 162 089 004
0773 000 000 000 000 255 253 028 000 028 017 000 043 255 201 094 000
0774 000 004 000 000 255 255 022 000 012 015 000 053 240 163 088 000
0775 000 000 000 000 255 255 032 000 000 030 000 045 208 136 102 000
0776 000 000 000 000 255 255 039 009 002 042 000 027 192 109 116 000
0777 000 001 000 000 255 255 029 000 014 044 000 047 195 083 098 000
0778 000 004 000 000 243 255 011 000 018 034 000 050 199 069 069 010
0779 000 000 000 000 255 255 010 000 020 015 000 040 185 066 065 012
0780 000 000 000 000 255 255 000 000 022 019 000 018 190 062 031 033
0781 000 000 000 000 255 255 000 000 032 010 000 015 201 047 032 032
0782 000 000 000 000 255 255 000 000 030 036 000 025 209 044 047 008
0783 000 000 000 000 255 200 020 000 008 025 000 024 228 058 084 000
0784 000 000 000 000 255 255 023 000 005 026 000 025 232 060 092 000
0785 000 000 000 001 255 255 026 000 006 051 000 015 217 054 093 000
0786 000 002 000 000 255 255 009 000 017 045 002 049 150 055 065 000
0787 000 004 000 000 255 255 034 000 011 035 010 053 123 083 105 004
0788 000 008 000 000 255 255 051 000 028 041 007 061 133 110 132 012
0789 014 008 000 000 255 255 055 000 032 016 000 060 106 118 141 000
0790 000 000 000 000 255 255 068 000 018 020 000 036 115 113 166 000
0791 000 000 000 000 231 255 067 000 017 017 000 003 134 122 162 001
0792 000 000 000 000 081 208 060 000 001 027 000 009 169 117 151 000
0793 000 000 000 000 110 151 062 000 000 035 000 037 205 101 161 000
0794 000 014 000 000 188 178 080 000 000 029 003 073 219 077 185 000
0795 000 018 000 000 255 205 100 000 001 022 020 080 194 076 219 000
0796 000 023 000 000 255 193 094 000 002 027 025 088 160 104 212 000
0797 000 021 000 000 255 255 057 000 000 047 021 081 090 116 145 000
0798 000 022 000 000 255 255 039 000 000 037 020 083 058 114 115 000
0799 000 028 000 000 255 255 029 000 000 042 005 092 053 103 102 000
0800 000 033 000 000 255 147 034 000 000 034 000 101 056 104 110 000
0801 000 027 000 000 255 101 004 000 001 029 000 089 073 104 055 000
0802 000 020 000 000 255 190 008 000 001 017 000 077 088 083 062 000
0803 000 012 000 000 255 238 021 000 000 020 000 066 114 057 084 000
0804 000 008 000 000 255 255 023 000 000 014 001 060 145 029 086 000
0805 000 008 000 000 255 255 010 000 000 008 008 059 171 039 065 000
0806 000 007 000 000 255 255 003 000 000 013 008 059 191 073 047 000
0807 000 002 000 000 255 255 000 000 000 000 004 049 203 091 040 000
0808 000 000 000 000 255 255 018 000 005 028 000 008 200 102 061 000
0809 000 000 000 000 255 252 000 000 017 036 000 000 189 100 036 005
0810 000 000 000 008 255 206 000 000 010 066 000 000 182 068 024 009
0811 000 000 000 008 255 255 002 000 004 067 000 035 179 027 052 009
0812 000 001 000 016 255 255 010 000 000 079 000 047 181 001 066 005
0813 000 000 000 002 255 255 012 000 000 055 000 025 207 017 072 008
0814 000 000 000 002 255 255 011 000 000 054 000 036 244 000 069 027
0815 000 000 000 000 255 255 021 000 000 026 000 027 255 029 084 034
0816 000 000 000 000 254 255 036 001 000 034 000 028 255 049 111 053
0817 000 000 000 000 198 255 054 001 000 012 000 035 255 055 141 053
0818 000 002 000 000 197 255 066 000 000 003 000 049 255 063 162 050
0819 000 026 000 000 177 255 087 000 005 024 000 095 255 112 202 049
0820 000 059 000 000 174 255 095 004 010 051 000 153 255 150 221 061
0821 000 079 000 012 224 255 083 002 018 070 000 184 255 169 193 055
0822 000 079 000 031 235 250 068 005 027 107 000 178 255 174 166 061
0823 000 054 000 046 231 217 051 003 013 132 000 136 255 175 138 060
0824 000 028 000 048 255 245 093 004 000 138 000 095 255 175 209 059
0825 000 044 000 037 255 255 120 000 000 121 000 120 209 171 254 041
0826 000 051 000 007 255 255 148 000 003 066 000 134 113 163 255 007
0827 000 056 000 000 255 255 159 000 000 022 000 141 052 147 255 017
0828 000 053 000 000 255 255 158 000 005 004 000 139 080 122 255 034
0829 000 045 000 000 255 255 144 000 004 009 000 124 151 079 255 032
0830 000 041 000 000 255 255 123 000 000 016 000 117 197 052 255 014
0831 000 036 000 000 255 255 119 000 010 024 000 108 209 062 249 007
0832 000 039 000 003 255 255 102 000 026 056 000 110 199 078 220 004
0833 000 036 000 003 220 186 077 000 025 059 000 106 183 084 180 001
0834 000 032 000 000 131 128 053 000 004 038 000 099 150 083 143 000
0835 000 025 000 000 176 131 060 000 005 020 000 086 095 079 154 000
0836 000 012 000 000 255 205 041 000 007 027 005 063 044 082 117 004
0837 000 002 000 000 255 255 014 000 010 000 001 048 035 093 070 009
0838 000 000 000 000 255 255 010 000 005 000 000 036 022 116 088 004
0839 000 000 000 000 255 255 001 000 014 009 000 019 054 122 049 000
0840 000 000 000 000 255 255 000 000 007 007 000 011 093 112 046 000
0841 000 000 000 000 255 255 012 000 027 006 000 010 097 095 067 001
0842 000 000 000 000 255 255 013 000 046 002 000 020 088 080 068 013
0843 000 001 000 000 232 255 003 000 048 005 000 048 069 069 051 015
0844 000 013 000 000 194 255 000 000 035 012 000 069 063 062 016 010
0845 000 018 000 000 190 255 004 000 014 019 006 078 084 047 054 032
0846 000 027 000 000 175 255 015 000 013 021 001 090 117 033 075 017
0847 000 022 000 000 121 239 039 000 010 038 000 085 131 032 116 006
0848 000 015 000 009 088 175 033 000 009 067 000 071 133 044 100 014
0849 000 006 000 004 149 245 009 000 016 057 007 056 157 061 062 017
0850 000 008 000 000 179 255 009 000 013 036 014 062 216 082 064 019
0851 000 023 000 000 202 255 005 001 017 039 001 086 255 101 057 033
0852 000 028 000 000 255 255 000 000 036 038 016 093 255 129 020 033
0853 000 021 011 000 255 255 000 000 070 046 021 083 255 150 032 028
0854 000 013 011 001 255 255 018 001 071 054 020 070 255 175 081 054
0855 000 015 004 010 255 255 030 013 056 070 015 072 255 197 099 057
0856 000 014 004 024 255 255 014 003 057 095 011 069 255 238 067 060
0857 000 019 018 045 255 255 000 000 080 129 016 079 255 255 044 046
0858 000 015 023 038 255 255 006 000 088 117 019 075 255 255 056 028
0859 007 013 015 039 255 255 005 000 073 118 040 067 255 255 057 039
0860 004 006 007 023 255 255 004 000 061 092 036 056 255 255 055 051
0861 002 000 006 016 255 255 003 000 060 081 034 042 242 247 055 036
0862 000 000 006 036 255 255 005 000 060 115 014 036 220 236 056 012
0863 000 000 002 047 255 255 008 000 052 136 034 045 200 221 062 000
0864 000 012 000 063 255 255 013 000 038 167 000 066 212 193 070 004
0865 000 019 000 077 255 255 016 000 015 191 000 076 241 146 077 002
0866 000 008 000 075 255 255 008 000 012 189 000 055 255 101 065 021
0867 000 000 000 054 255 255 004 000 016 150 016 034 255 063 056 000
0868 000 000 000 045 255 255 017 000 000 131 032 007 255 026 074 003
0869 001 000 000 026 255 255 019 000 007 097 032 000 255 014 080 000
0870 003 000 000 014 245 255 024 000 020 075 034 021 255 015 092 005
0871 000 000 000 000 255 255 044 000 023 045 012 032 254 006 123 043
0872 000 000 000 000 255 255 054 000 014 022 000 026 187 000 145 026
0873 000 000 000 000 255 255 045 002 000 000 000 012 108 000 121 030
0874 000 000 000 000 255 255 034 000 005 012 000 006 053 000 107 023
0875 000 000 000 000 255 255 019 000 028 006 000 005 073 012 079 037
0876 000 000 000 000 255 255 011 000 024 025 000 037 069 018 066 026
0877 000 000 000 000 255 227 020 000 001 039 000 044 129 028 081 007
0878 000 000 000 000 255 251 034 000 000 032 000 038 191 051 105 010
0879 000 000 000 000 255 255 038 000 000 040 000 039 249 076 114 020
0880 000 000 000 000 255 255 018 000 000 038 003 032 255 104 078 046
0881 000 000 000 000 255 255 013 000 000 032 005 000 255 125 069 041
0882 000 000 000 003 255 255 009 000 000 057 001 000 255 137 063 015
0883 000 000 000 006 255 255 000 000 000 065 000 000 255 139 043 000
0884 000 000 000 020 255 255 001 000 000 089 033 002 252 124 040 000
0885 000 000 000 015 255 255 000 000 000 081 000 024 185 118 045 011
0886 000 000 000 005 255 255 026 000 007 061 000 028 125 139 093 010
0887 000 009 000 000 255 255 026 000 013 042 000 061 105 166 092 001
0888 000 006 000 000 254 255 032 000 015 024 000 054 113 196 102 004
0889 000 001 000 000 255 255 025 000 012 006 000 049 117 210 089 002
0890 000 004 000 000 255 255 012 000 010 024 000 051 123 223 069 011
0891 009 012 000 000 250 255 002 000 000 027 001 068 116 235 050 022
0892 000 017 000 000 201 255 001 000 000 029 009 077 074 228 049 041
0893 000 025 000 000 196 212 003 004 003 033 010 087 111 206 050 062
0894 000 026 000 000 169 196 000 006 000 036 001 092 157 179 038 062
0895 000 021 000 000 128 224 003 009 000 032 000 081 171 150 053 069
0896 000 017 000 000 140 243 008 003 002 015 000 074 181 147 063 060
0897 000 016 000 000 151 224 002 003 044 009 000 074 203 156 055 058
0898 000 003 013 000 255 255 011 000 072 000 003 050 220 178 067 028
0899 000 000 028 000 255 255 004 000 097 006 013 029 224 216 055 033
0900 000 000 021 000 255 255 018 000 085 000 022 005 247 253 080 046
0901 000 000 010 000 255 255 032 001 068 002 023 027 239 255 102 053
0902 001 015 000 000 255 255 028 001 024 019 030 073 201 255 096 052
0903 004 031 000 000 255 255 005 019 013 037 034 099 163 255 058 055
0904 005 056 000 000 249 255 008 000 013 045 038 142 167 255 067 035
0905 003 055 000 000 198 255 024 000 015 026 030 140 190 255 091 010
0906 000 057 000 000 255 255 038 000 002 038 027 142 184 255 105 000
0907 000 030 000 000 255 255 023 000 013 016 006 094 122 255 087 000
0908 000 006 000 000 255 255 040 000 012 036 000 054 085 255 120 000
0909 000 000 000 025 255 255 051 000 019 097 000 017 080 248 134 000
0910 000 000 000 050 255 255 055 000 025 139 000 006 126 209 141 000
0911 000 000 000 060 255 255 054 000 027 158 000 014 188 179 142 000
0912 000 000 000 074 255 255 034 000 031 183 000 013 230 163 107 003
0913 000 000 000 070 255 255 026 000 026 177 000 015 255 170 092 000
0914 000 000 000 054 199 255 037 000 012 147 000 018 255 197 113 000
0915 000 000 000 035 154 255 032 000 000 112 000 033 255 227 106 001
0916 000 002 000 012 244 255 007 000 000 069 000 051 255 251 061 000
0917 000 000 000 005 255 255 001 000 000 061 000 044 255 255 048 000
0918 000 000 000 012 255 255 000 000 000 073 000 045 255 255 047 000
0919 000 000 000 011 255 255 000 000 029 070 000 047 255 255 041 000
0920 000 000 000 010 255 255 011 000 027 067 004 029 255 255 068 001
0921 000 000 000 000 255 255 025 000 013 035 003 016 255 232 088 010
0922 000 001 000 000 255 255 020 000 018 020 015 052 252 218 083 015
0923 000 022 000 000 218 255 017 000 023 025 025 086 188 198 076 036
0924 008 036 000 000 230 255 003 000 038 047 043 107 122 177 055 038
0925 022 051 000 000 255 255 022 000 023 038 062 134 083 175 085 027
0926 018 077 000 000 255 255 039 000 000 044 056 183 133 208 114 026
0927 014 071 000 000 255 255 020 000 000 027 050 171 173 246 079 030
0928 013 064 000 000 255 255 002 000 000 001 046 156 190 255 051 034
0929 014 060 000 000 255 255 005 000 027 000 049 148 198 255 057 053
0930 018 056 000 000 255 255 014 003 030 000 059 141 184 255 073 063
0931 027 041 000 000 255 255 067 010 022 012 067 113 182 255 165 072
0932 038 005 000 000 255 255 061 001 015 041 086 053 179 255 157 053
0933 047 006 000 003 255 192 059 000 035 058 098 058 182 255 154 026
0934 048 012 000 012 255 123 073 000 039 072 098 065 215 255 178 025
0935 051 011 018 000 255 255 055 000 080 051 106 066 240 255 143 022
0936 050 001 031 000 255 255 047 000 102 029 102 046 254 255 131 000
0937 043 000 030 000 255 255 040 000 100 029 096 020 255 252 114 030
0938 055 000 025 000 255 255 051 000 091 008 111 031 255 228 136 035
0939 043 000 007 000 255 255 056 000 061 009 091 039 255 188 146 044
0940 032 002 001 000 255 255 039 000 050 023 074 049 227 160 115 042
0941 018 008 000 002 255 255 013 000 035 054 056 062 192 168 068 032
0942 015 014 000 000 255 255 010 000 014 032 052 071 219 200 066 022
0943 014 013 000 001 255 255 008 000 027 052 051 067 255 253 061 044
0944 006 000 000 020 255 255 010 000 035 088 039 043 255 255 062 053
0945 004 000 000 046 255 255 004 000 044 134 035 032 255 255 055 040
0946 007 000 006 072 255 255 004 000 061 183 042 036 255 255 053 031
0947 004 003 000 092 255 255 000 000 042 222 036 053 255 255 033 029
0948 000 036 000 102 255 255 000 000 043 233 019 106 255 255 024 049
0949 000 045 000 101 255 255 020 000 033 232 021 124 255 255 082 053
0950 001 054 000 099 255 255 066 002 028 233 030 139 255 255 167 053
0951 009 041 000 084 255 255 071 009 010 205 044 115 255 255 170 071
0952 016 032 000 041 255 255 046 027 016 122 053 098 255 255 127 102
0953 006 012 000 021 255 255 024 022 016 088 036 065 255 255 086 095
0954 000 000 001 017 255 255 016 015 051 085 011 024 255 255 075 082
0955 000 005 002 052 255 255 014 006 051 145 002 058 255 255 074 061
0956 000 038 014 061 255 255 009 000 072 160 015 112 255 255 061 031
0957 008 063 018 051 255 255 026 000 080 142 044 153 255 255 091 008
0958 033 068 012 022 255 255 037 000 068 093 077 159 255 255 112 017
0959 038 047 013 008 255 255 019 000 070 065 083 128 255 255 081 021
0960 020 033 006 011 255 255 020 000 059 071 057 103 255 255 081 003
0961 000 020 005 015 255 255 023 000 058 078 028 077 255 255 089 015
0962 000 015 005 014 255 251 047 000 057 077 009 062 255 222 129 011
0963 000 000 001 020 255 203 054 000 050 083 000 037 255 227 143 025
0964 000 000 000 004 255 200 055 001 041 056 000 036 255 246 145 023
0965 000 003 000 000 255 255 057 000 021 012 004 053 255 255 148 007
0966 000 011 000 000 255 255 055 000 010 006 012 064 255 255 146 000
0967 000 004 000 000 255 255 042 000 000 005 005 051 255 255 123 001
0968 000 000 000 000 255 255 018 000 000 013 000 029 255 255 080 001
0969 000 000 000 000 255 255 038 000 000 048 000 018 255 255 119 015
0970 000 000 000 014 255 255 074 000 019 079 000 025 255 255 159 048
0971 000 000 009 005 255 255 063 000 067 059 001 034 255 253 157 030
0972 000 003 021 016 255 255 043 000 085 078 022 049 255 226 120 051
0973 000 007 000 013 255 255 034 007 041 077 012 056 230 188 107 066
0974 000 011 000 026 255 248 023 013 017 098 001 065 236 182 088 082
0975 000 001 000 041 255 255 035 003 006 125 000 048 255 185 108 060
0976 000 006 000 068 255 255 039 009 013 172 000 058 255 226 115 063
0977 000 013 000 084 255 255 044 004 030 200 000 068 255 255 122 061
0978 000 010 000 078 255 255 030 007 015 191 000 065 255 255 098 065
0979 000 004 000 076 255 255 028 022 020 185 000 053 255 255 095 094
0980 000 006 000 054 255 255 029 051 024 148 000 053 255 255 098 102
0981 000 005 000 039 255 255 038 023 020 122 005 054 255 255 114 099
0982 000 000 000 011 255 255 035 027 000 067 008 045 255 255 124 102
0983 001 009 000 001 255 255 036 028 000 051 000 063 255 255 108 104
0984 000 017 000 000 255 255 023 037 015 048 000 076 185 227 089 120
0985 000 012 007 000 255 255 029 036 061 033 015 069 109 178 100 109
0986 002 002 003 000 255 203 038 023 053 044 033 050 078 129 115 095
0987 005 000 000 006 255 228 042 019 014 065 038 045 135 097 125 087
0988 010 000 000 022 255 255 035 008 000 093 044 032 205 077 109 067
0989 010 000 000 058 255 255 039 002 000 154 044 014 253 074 113 054
0990 005 000 000 061 255 255 035 000 002 164 036 005 255 079 108 045
0991 000 000 000 059 255 255 018 001 019 155 027 015 255 109 077 055
0992 000 000 000 024 255 255 016 001 033 092 030 045 255 149 075 052
0993 000 006 000 001 255 255 014 000 024 052 027 056 255 169 072 033
0994 000 008 000 000 255 255 023 000 004 026 015 061 255 175 090 023
0995 000 004 000 000 255 255 036 000 000 026 011 052 255 172 111 002
0996 000 000 000 000 255 255 043 000 001 005 002 031 255 179 121 005
0997 000 000 000 000 255 255 043 000 015 013 003 018 255 193 122 016
0998 005 000 000 000 255 255 056 000 024 014 038 030 255 230 150 008
0999 001 002 000 000 255 255 070 000 023 026 030 053 255 255 172 026
1000 022 009 000 000 255 232 066 000 000 046 063 063 254 255 166 029
1001 029 007 000 000 255 190 049 000 000 030 072 061 255 255 131 040
1002 039 000 000 000 255 185 041 000 000 008 087 044 255 255 117 032
1003 019 023 000 000 255 217 038 000 011 012 057 085 255 255 116 047
1004 000 037 000 000 255 217 051 005 006 025 025 109 255 255 135 064
1005 000 022 000 001 248 182 054 011 013 054 009 081 255 255 142 115
1006 000 007 000 008 255 126 068 023 023 069 000 058 255 253 166 095
1007 000 000 000 016 255 067 083 030 033 080 000 039 255 162 195 108
1008 000 000 000 015 255 093 068 027 029 077 000 032 255 109 162 101
1009 000 022 000 007 255 153 037 013 049 061 000 085 255 093 109 074
1010 000 041 018 001 255 187 022 011 081 052 006 116 255 084 083 075
1011 000 044 012 007 255 233 024 011 067 063 016 119 255 072 090 074
1012 000 041 004 011 255 255 027 003 055 070 015 120 255 055 094 057
1013 000 035 000 025 255 255 024 000 028 095 016 109 255 066 090 031
1014 000 025 000 015 255 255 018 000 032 074 016 092 255 107 080 014
1015 000 015 002 001 255 255 032 000 054 049 013 074 255 151 102 000
1016 000 015 000 000 255 255 041 000 040 014 010 072 255 156 121 012
1017 000 002 000 000 255 255 028 000 023 025 000 049 254 152 098 009
1018 000 000 010 000 255 255 022 000 067 039 006 035 223 171 083 005
1019 000 000 029 000 252 255 000 000 098 031 016 015 236 234 045 022
1020 000 000 028 011 163 254 005 000 096 073 022 031 255 255 060 021
1021 000 013 002 017 211 255 037 000 051 082 019 067 255 255 111 009
1022 000 018 000 024 233 255 051 000 012 097 020 077 249 255 133 009
1023 003 022 000 017 237 255 056 000 000 084 032 084 229 255 142 032
1024 005 009 000 001 217 255 037 000 000 055 035 060 219 255 114 023
1025 000 000 000 000 183 255 021 000 000 026 023 037 251 255 084 015
1026 000 001 000 000 200 255 017 000 012 001 000 048 255 255 075 003
1027 000 013 000 000 255 255 034 000 037 042 000 070 240 255 106 003
1028 000 025 000 007 255 255 035 000 045 064 000 091 190 255 108 007
1029 000 035 000 014 255 255 030 000 028 075 006 109 159 255 104 002
1030 000 043 000 002 255 255 012 000 009 053 021 119 202 255 067 013
1031 013 037 000 000 255 255 009 000 019 013 050 106 239 255 062 000
1032 031 028 000 000 234 255 005 000 030 004 072 097 255 255 058 001
1033 036 045 000 000 191 255 010 000 018 010 082 122 255 255 068 000
1034 039 046 000 003 111 255 041 000 000 057 088 122 255 255 119 000
1035 031 033 000 003 192 255 026 000 000 059 073 101 255 255 091 012
1036 024 023 000 000 255 255 011 000 000 039 066 086 255 244 066 024
1037 011 028 000 000 255 255 006 000 000 012 045 094 255 207 059 052
