0000 07-07-77 08:19:20 +25C 65535   325   16   5 Ê22
0001 000 004 018 116 255 255 000 000 083 252 000 054 197 255 041 002
0002 000 000 021 113 255 224 009 000 087 250 024 046 254 255 069 005
0003 000 003 013 115 255 255 007 000 072 253 020 053 255 255 056 056
0004 000 012 001 104 255 255 000 000 050 234 018 065 255 255 024 031
0005 000 015 000 091 181 255 000 000 016 213 016 070 255 255 045 015
0006 000 011 000 101 177 255 000 000 000 231 013 067 244 233 045 006
0007 000 008 000 076 176 255 010 000 000 191 017 060 209 224 065 000
0008 003 009 000 080 163 255 020 000 011 191 035 061 148 243 083 000
0009 005 013 000 039 163 255 018 000 019 123 036 069 089 255 080 014
0010 000 005 000 043 165 255 006 000 001 132 013 055 068 255 075 010
0011 000 002 000 077 193 255 003 000 000 196 000 050 091 255 051 014
0012 000 003 000 088 245 255 010 000 000 212 000 054 119 255 065 019
0013 000 011 000 103 255 255 028 000 007 236 000 065 124 255 097 027
0014 006 013 000 131 255 255 014 002 013 255 000 065 110 255 076 020
0015 000 006 000 104 255 255 013 000 015 233 000 056 082 255 070 007
0016 000 007 000 084 255 255 006 000 016 203 000 059 076 255 064 005
0017 000 014 000 056 255 255 010 000 027 155 000 072 089 255 063 028
0018 000 015 000 029 241 255 004 000 025 115 000 080 131 255 053 039
0019 000 017 000 029 139 253 003 000 014 106 000 075 148 255 054 048
0020 000 021 000 025 091 255 000 006 000 097 000 084 129 255 038 063
0021 000 011 000 023 115 255 000 000 000 089 000 064 126 255 034 040
0022 000 014 000 029 135 255 000 000 000 103 000 073 159 248 026 006
0023 000 025 000 021 086 255 000 000 000 091 010 094 160 168 016 020
0024 000 034 000 016 119 255 000 000 013 082 021 106 137 120 000 013
0025 008 046 000 006 143 255 000 000 016 061 041 124 175 081 011 017
0026 000 044 000 003 153 255 000 000 006 061 028 120 244 071 039 017
0027 002 050 000 013 177 255 016 000 000 074 026 132 255 100 075 032
0028 000 052 000 035 249 255 014 000 000 115 002 134 255 130 073 016
0029 000 047 000 033 255 255 000 000 005 109 006 128 255 146 039 007
0030 000 062 000 038 255 255 000 000 032 117 005 154 255 155 019 000
0031 000 064 003 044 255 255 000 000 054 128 013 161 255 158 009 000
0032 000 072 001 026 255 255 000 000 049 098 024 174 215 158 012 000
0033 004 075 000 033 255 255 000 000 033 109 037 179 175 158 012 000
0034 006 071 000 016 255 255 000 000 027 080 040 171 175 158 032 000
0035 005 051 000 011 255 255 002 000 008 069 038 128 193 151 051 035
0036 000 034 000 035 255 255 019 000 025 112 028 104 210 150 080 000
0037 000 024 000 020 255 255 018 000 043 089 020 089 214 151 078 013
0038 000 031 000 048 255 255 015 000 038 137 007 100 197 153 074 008
0039 000 037 000 037 255 255 009 000 041 123 000 114 200 149 060 001
0040 000 045 000 053 255 255 004 000 035 159 000 128 224 145 054 005
0041 000 053 000 057 255 255 000 000 030 157 000 143 250 157 044 000
0042 000 060 000 062 255 255 000 000 016 162 000 152 255 185 039 000
0043 000 051 000 047 255 255 000 000 000 134 000 138 255 228 033 000
0044 000 039 000 034 255 255 000 000 003 112 005 117 255 255 040 000
0045 000 037 000 038 255 220 022 000 014 119 010 111 255 255 087 026
0046 000 039 000 035 160 212 030 000 024 112 014 112 255 255 096 024
0047 000 035 000 041 052 255 024 000 039 130 025 103 255 255 086 008
0048 010 039 000 062 132 255 018 000 016 160 049 115 255 255 076 015
0049 025 048 000 055 231 255 012 000 017 149 069 128 255 255 070 006
0050 046 060 000 034 255 255 017 000 036 113 101 152 255 226 076 002
0051 064 072 000 062 255 255 015 000 020 160 127 168 255 204 074 001
0052 062 092 000 058 255 255 003 000 017 154 121 205 255 210 052 019
0053 056 091 000 048 255 255 002 000 032 139 109 205 255 222 053 031
0054 051 071 000 068 255 255 014 000 032 170 105 168 255 220 072 017
0055 043 049 000 074 255 255 013 000 019 175 091 132 255 201 072 000
0056 045 054 001 071 255 255 000 000 051 177 094 147 255 197 038 029
0057 038 060 010 064 255 255 015 000 065 166 084 155 207 209 077 047
0058 033 066 006 069 255 255 020 001 058 177 077 166 181 235 087 051
0059 035 069 000 063 255 255 028 000 002 165 082 169 188 255 095 050
0060 031 069 004 064 255 255 023 000 058 166 076 168 189 255 088 047
0061 018 058 028 065 255 255 052 000 099 170 058 147 202 255 138 025
0062 007 052 032 055 255 255 073 000 104 156 041 131 226 255 174 064
0063 002 047 021 063 255 255 078 000 084 158 032 126 252 255 183 005
0064 000 046 000 043 255 255 067 000 043 132 023 125 255 255 163 026
0065 000 040 000 040 255 255 057 000 043 127 029 113 255 255 151 021
0066 004 012 000 018 255 255 058 000 037 088 039 066 255 255 151 017
0067 009 000 000 037 255 255 054 000 037 119 042 043 255 255 140 033
0068 002 004 000 039 255 255 026 000 035 127 033 059 255 255 091 016
0069 000 014 000 008 255 255 005 000 031 066 016 070 255 255 058 019
0070 000 009 000 006 255 255 012 000 026 064 008 063 255 255 069 035
0071 000 016 000 021 255 255 015 000 032 091 008 078 255 255 072 032
0072 000 025 000 006 255 255 011 000 041 064 019 092 255 254 069 007
0073 000 029 003 027 255 255 000 000 054 097 021 097 255 201 018 000
0074 000 027 001 006 255 255 000 010 051 062 021 092 216 161 023 007
0075 005 024 000 004 214 255 000 000 034 052 035 088 230 136 046 000
0076 023 031 002 034 224 255 000 000 053 108 062 100 249 120 049 000
0077 037 043 037 031 255 255 000 000 113 104 087 118 255 119 043 000
0078 059 042 038 025 255 255 000 000 113 092 120 116 255 156 043 007
0079 085 054 027 010 255 255 000 000 095 071 154 139 255 168 031 026
0080 100 053 007 012 255 255 000 000 061 070 176 135 255 143 031 040
0081 093 029 000 006 255 255 007 000 039 058 163 094 237 106 063 043
0082 064 018 000 024 255 255 009 001 024 088 120 075 209 077 068 057
0083 039 020 000 017 218 255 015 008 044 082 085 082 225 137 075 072
0084 023 037 010 032 221 255 001 002 065 110 064 113 255 209 049 048
0085 015 050 004 008 255 255 004 002 054 072 052 134 255 251 056 055
0086 009 073 000 018 233 255 012 000 023 084 043 172 255 229 068 046
0087 008 082 000 022 158 255 020 000 000 093 043 184 255 231 082 028
0088 011 077 000 025 112 255 030 000 000 102 047 175 255 215 105 019
0089 016 058 000 023 138 255 027 000 008 090 053 142 237 212 098 013
0090 021 046 000 024 225 255 032 000 019 100 064 124 205 232 104 008
0091 020 047 000 043 255 255 031 000 010 127 060 130 177 245 099 000
0092 014 053 000 026 255 255 015 000 013 099 051 139 159 243 075 000
0093 007 061 003 006 255 255 003 000 057 063 041 154 147 230 054 000
0094 001 045 015 013 255 253 027 000 078 072 033 122 168 188 094 000
0095 019 024 030 002 255 255 034 000 105 055 039 087 202 148 105 000
0096 002 003 031 017 255 255 029 000 107 083 032 051 219 126 097 023
0097 000 000 024 001 255 255 037 000 092 058 019 036 218 133 110 004
0098 000 000 013 007 255 255 018 000 069 065 018 042 186 172 083 002
0099 000 013 000 014 255 255 034 000 039 057 016 070 160 220 105 004
0100 000 030 000 002 255 255 039 000 000 054 016 098 173 255 120 008
0101 000 039 000 001 255 255 033 000 021 051 002 113 195 255 105 030
0102 000 031 015 000 255 255 006 000 078 046 013 098 254 255 058 022
0103 000 023 027 000 255 255 012 000 098 029 025 082 255 255 067 043
0104 000 001 023 003 255 255 000 000 091 037 025 046 255 255 044 048
0105 000 000 017 000 255 255 000 000 079 030 024 025 255 255 021 033
0106 000 000 006 000 255 255 000 000 058 029 018 044 255 255 033 031
0107 019 002 002 000 255 255 000 000 052 015 023 047 255 255 033 029
0108 004 006 016 000 193 255 000 000 078 016 037 056 255 255 043 019
0109 011 005 026 000 191 255 019 000 094 024 047 056 255 255 083 019
0110 001 006 018 000 226 255 019 000 078 031 031 055 255 230 079 023
0111 004 025 003 002 235 255 014 000 053 054 036 075 255 201 077 003
0112 002 021 000 019 215 255 033 000 029 085 033 085 255 189 095 013
0113 000 037 000 015 124 255 032 000 003 082 025 113 255 196 105 026
0114 000 043 000 002 086 255 018 000 000 060 023 122 255 203 082 034
0115 000 038 000 003 077 255 002 000 009 067 019 109 255 197 052 051
0116 000 020 000 003 119 255 000 007 023 060 015 079 255 172 049 064
0117 000 035 000 021 156 255 024 006 031 085 012 111 255 128 094 064
0118 000 058 000 032 168 255 036 000 027 109 017 150 255 090 107 051
0119 000 074 000 027 132 255 043 000 010 097 016 177 226 112 121 047
0120 000 084 000 016 173 255 039 000 000 079 013 190 190 123 115 040
0121 000 088 000 001 179 255 039 000 000 033 014 197 172 133 115 022
0122 000 069 000 004 178 255 055 000 000 062 021 166 151 139 144 037
0123 006 049 000 006 143 255 070 000 028 059 025 128 136 159 171 041
0124 021 043 000 033 153 255 066 000 034 116 065 120 093 191 160 040
0125 039 045 000 058 146 255 049 013 037 166 091 123 094 204 134 044
0126 062 048 003 111 129 255 045 000 055 247 123 127 113 191 124 031
0127 070 046 002 114 144 255 047 000 050 252 133 122 167 150 129 000
0128 062 016 000 117 250 255 045 000 039 250 122 072 248 086 126 009
0129 037 015 000 125 255 255 026 000 048 255 085 072 255 075 091 012
0130 010 027 000 130 255 255 005 000 047 255 045 093 255 084 058 003
0131 000 036 000 116 255 255 000 000 032 254 001 109 255 097 024 003
0132 000 056 000 117 255 255 000 000 025 255 022 142 255 090 041 006
0133 013 089 000 104 255 255 006 000 030 232 052 198 255 073 057 012
0134 006 097 000 105 255 255 000 000 035 236 040 212 255 104 027 000
0135 000 083 000 095 255 255 000 000 025 219 025 186 227 172 019 000
0136 000 057 000 098 255 255 000 000 038 225 013 141 183 239 037 000
0137 000 028 000 109 255 255 000 000 045 244 000 093 176 255 024 000
0138 000 030 000 115 255 255 000 000 048 249 000 100 177 255 018 006
0139 000 026 002 128 255 255 010 000 052 255 014 092 252 255 068 037
0140 005 019 000 121 255 255 027 000 039 254 035 079 255 255 097 027
0141 041 018 000 112 208 255 044 000 015 237 095 075 255 255 128 026
0142 061 022 000 109 226 255 047 000 015 247 121 083 255 255 127 015
0143 043 031 000 082 255 255 050 000 010 198 094 097 255 255 133 000
0144 033 030 000 088 255 255 037 000 000 212 079 095 255 255 106 012
0145 021 035 000 081 255 255 032 000 000 199 060 108 255 255 108 018
0146 000 049 000 077 255 255 044 014 000 190 005 129 255 202 125 050
0147 000 056 000 067 255 255 054 001 000 181 000 143 226 156 140 050
0148 000 064 000 076 255 255 037 000 000 178 000 156 198 111 110 040
0149 000 078 000 067 255 255 023 000 029 171 000 182 177 069 086 016
0150 007 090 000 049 255 255 030 000 035 141 038 206 226 126 102 017
0151 017 096 000 060 255 255 029 000 019 158 053 209 255 152 098 027
0152 040 081 000 060 255 255 025 000 006 158 092 181 255 157 089 012
0153 066 057 000 049 255 255 032 000 000 141 126 140 255 140 103 002
0154 080 042 000 047 255 255 031 000 000 135 147 116 255 103 096 002
0155 067 025 000 065 255 255 022 000 000 172 124 092 255 058 087 011
0156 055 019 000 053 255 255 023 000 010 128 110 078 255 048 087 000
0157 049 022 000 053 221 255 005 000 009 142 099 084 255 069 058 014
0158 041 026 000 010 162 255 002 000 007 074 088 089 255 109 051 038
0159 040 025 000 033 214 255 011 000 002 107 086 088 255 117 069 040
0160 030 026 000 021 255 255 025 000 034 085 073 091 255 084 091 057
0161 029 004 000 013 255 255 032 000 040 075 073 052 255 074 103 032
0162 037 000 005 014 255 255 043 000 059 075 084 044 233 107 121 036
0163 034 010 004 027 255 255 029 000 055 100 074 062 255 127 098 019
0164 023 007 007 004 255 255 017 000 061 060 060 057 255 114 076 018
0165 020 011 004 000 255 255 008 000 054 040 036 064 255 093 059 006
0166 000 022 000 000 255 255 006 000 037 023 001 083 255 121 059 020
0167 000 015 000 000 255 255 009 000 010 022 000 070 255 114 061 058
0168 000 010 000 000 255 255 020 000 000 010 027 062 255 084 086 000
0169 031 010 000 000 255 255 069 000 000 000 075 063 255 055 166 001
0170 035 015 000 000 246 255 053 000 016 018 081 074 255 097 145 018
0171 035 023 000 000 210 255 037 000 032 024 080 086 255 187 110 001
0172 019 019 000 000 181 255 026 000 041 022 060 081 255 225 094 000
0173 010 014 008 000 114 255 019 000 062 026 043 072 255 255 078 000
0174 005 012 021 001 082 255 018 000 086 053 037 066 255 245 077 008
0175 000 014 020 000 120 255 030 000 084 036 023 071 255 204 099 000
0176 000 022 023 000 115 255 037 000 088 037 025 082 255 163 116 004
0177 000 023 026 000 143 255 025 000 094 031 010 084 255 132 096 010
0178 000 031 022 000 185 255 037 000 087 026 016 101 255 109 111 000
0179 003 036 000 000 202 255 026 000 045 017 032 105 255 121 091 000
0180 000 036 000 000 204 255 007 000 033 017 017 108 255 172 065 000
0181 000 033 000 000 193 255 006 000 047 000 014 102 254 222 056 010
0182 000 033 013 000 188 244 000 000 074 000 016 099 254 255 046 013
0183 000 027 019 000 172 203 000 000 082 007 029 089 255 255 029 018
0184 009 008 009 000 166 201 000 000 065 018 045 060 255 223 049 004
0185 022 000 000 000 181 206 025 000 042 015 063 033 239 148 091 011
0186 024 000 000 000 169 229 016 000 032 029 064 009 194 121 074 021
0187 013 000 000 000 139 234 014 000 021 009 050 028 163 139 073 011
0188 010 011 000 000 163 212 020 000 005 011 044 065 127 159 087 001
0189 006 021 000 000 243 226 017 000 014 015 038 083 149 164 081 000
0190 003 018 000 000 255 239 014 000 000 018 034 079 198 137 072 000
0191 000 003 000 000 255 255 019 000 002 039 028 050 241 104 083 000
0192 000 000 000 000 255 255 025 000 008 036 013 033 222 113 090 000
0193 000 000 000 013 255 255 011 000 006 063 003 029 175 104 066 000
0194 000 002 000 029 251 255 000 000 004 107 003 050 121 081 044 000
0195 000 000 000 054 255 255 003 000 025 151 000 029 110 054 053 003
0196 000 000 000 035 255 255 003 000 009 113 000 035 103 080 053 031
0197 011 000 000 055 220 255 001 000 040 153 000 034 115 121 050 030
0198 000 000 000 079 207 255 007 000 039 191 013 034 163 152 058 033
0199 000 004 009 058 249 255 002 000 066 158 019 055 228 168 050 018
0200 000 008 009 038 255 255 000 000 064 121 021 059 255 179 030 020
0201 000 001 003 058 255 255 006 000 053 154 001 050 255 158 058 032
0202 000 005 000 047 255 255 007 000 026 131 000 058 255 147 060 033
0203 000 006 000 042 255 255 000 000 027 132 004 058 255 137 040 023
0204 000 014 000 076 255 255 000 000 020 189 024 071 255 141 044 034
0205 008 016 000 075 255 255 000 000 021 179 043 073 255 150 034 005
0206 009 015 000 079 255 255 000 000 017 200 043 072 236 160 019 002
0207 012 024 000 054 255 255 000 000 004 156 048 087 196 166 032 004
0208 001 031 000 044 255 255 005 000 012 133 032 097 186 179 055 000
0209 000 030 000 031 255 222 002 000 013 101 030 097 212 194 052 000
0210 000 027 000 003 255 255 021 000 042 048 027 091 249 226 085 001
0211 003 027 000 007 255 255 024 000 030 063 034 091 255 241 092 000
0212 000 020 000 000 255 255 032 000 039 036 009 081 255 255 102 007
0213 000 012 000 000 255 255 019 000 047 040 000 070 255 255 081 032
0214 000 020 000 009 255 255 000 000 042 061 000 082 255 255 042 042
0215 000 017 000 006 255 255 000 001 017 063 015 075 255 244 035 053
0216 003 013 000 003 255 255 000 000 000 052 037 067 255 201 033 049
0217 013 000 000 006 255 255 000 000 001 060 047 041 255 171 030 040
0218 021 000 000 000 255 255 003 000 017 047 072 023 255 134 051 040
0219 015 000 000 005 255 255 000 000 015 057 050 033 255 103 039 044
0220 000 000 000 004 255 255 004 000 002 059 014 030 255 153 055 047
0221 000 000 000 000 255 255 012 002 001 028 000 029 255 206 067 056
0222 000 000 000 019 255 255 020 000 000 086 027 011 255 248 084 046
0223 025 000 000 002 255 255 028 000 001 055 070 000 255 255 099 034
0224 046 000 000 001 255 255 036 000 000 047 099 002 255 255 108 048
0225 069 000 000 006 255 252 034 000 000 065 132 023 255 255 109 021
0226 098 006 000 001 255 255 021 000 000 047 172 055 255 255 084 017
0227 112 017 000 001 255 255 004 000 000 048 198 077 255 255 057 021
0228 123 029 000 005 255 233 004 000 000 062 212 098 255 255 055 031
0229 133 019 000 000 255 236 020 000 000 032 224 079 255 255 083 026
0230 108 002 000 000 255 255 030 000 009 026 195 050 255 255 099 027
0231 106 002 000 000 255 255 044 000 000 014 186 050 255 255 124 039
0232 106 000 000 001 255 255 040 000 000 049 188 039 255 255 113 040
0233 097 000 000 017 236 255 028 000 000 093 175 039 255 255 096 039
0234 088 000 000 037 241 255 035 000 000 130 157 030 255 255 106 034
0235 063 005 000 036 255 255 024 004 000 115 123 055 255 246 090 062
0236 029 018 000 032 255 255 000 002 000 109 071 079 255 223 053 055
0237 004 033 000 001 255 255 002 000 005 052 033 101 255 203 056 039
0238 000 028 000 025 254 255 014 000 017 095 000 092 255 165 074 023
0239 000 017 000 026 214 255 024 000 014 097 022 077 255 121 091 026
0240 036 024 000 028 213 255 003 000 005 106 083 087 255 124 050 031
0241 054 013 000 009 179 255 004 000 000 069 113 067 255 135 056 034
0242 060 009 000 014 170 255 041 000 025 071 119 057 255 139 121 031
0243 032 000 002 021 164 255 064 000 052 088 077 027 255 142 159 044
0244 008 000 009 020 188 255 054 000 065 090 042 033 202 153 143 031
0245 000 000 008 043 225 255 051 000 064 128 028 047 115 159 135 016
0246 000 002 006 023 250 255 067 000 062 093 022 053 041 156 168 023
0247 001 000 002 014 255 255 072 000 051 071 032 040 030 149 174 043
0248 003 000 000 050 255 255 044 000 033 140 030 037 057 153 124 044
0249 025 000 000 027 255 255 021 000 038 104 068 018 094 178 081 045
0250 049 000 000 025 255 255 007 005 035 095 102 025 135 214 054 064
0251 049 000 000 027 255 255 008 013 035 100 101 016 160 250 063 075
0252 047 000 000 041 255 255 007 000 004 124 100 031 162 255 065 045
0253 031 002 000 019 255 255 003 000 024 080 076 049 157 255 056 043
0254 008 011 000 044 255 255 010 000 023 132 041 065 148 255 065 040
0255 001 026 000 044 255 255 005 000 010 128 032 089 141 253 062 030
0256 001 041 000 047 255 255 001 000 009 138 033 116 123 208 046 023
0257 026 062 000 042 255 255 010 000 023 125 071 160 124 168 070 016
0258 049 093 000 036 255 255 021 000 043 117 106 209 130 143 098 019
0259 060 107 001 025 255 255 031 000 049 096 121 233 141 139 101 019
0260 078 104 002 025 255 255 052 000 052 098 147 225 180 146 138 020
0261 064 087 000 027 222 255 037 000 040 103 124 198 246 155 110 042
0262 047 058 000 030 255 255 033 006 012 106 097 147 255 170 106 063
0263 015 024 000 038 255 255 030 009 011 119 048 087 255 188 102 068
0264 004 021 000 036 255 255 024 010 024 117 035 080 255 205 093 073
0265 010 022 000 038 255 255 025 002 016 127 040 084 255 237 091 057
0266 012 027 000 042 255 255 037 000 030 129 050 092 255 255 111 025
0267 023 037 000 058 255 255 047 000 047 154 066 107 255 255 129 020
0268 023 028 009 008 255 255 041 000 065 061 069 093 255 255 120 044
0269 006 017 010 019 255 255 031 000 067 102 037 075 255 255 100 035
0270 003 026 014 017 255 255 021 000 074 093 033 074 253 229 084 031
0271 000 005 008 011 255 255 023 000 062 068 029 054 214 164 088 034
0272 000 008 000 028 255 255 009 000 048 100 016 064 155 093 063 037
0273 000 020 000 038 255 255 027 000 044 120 014 081 138 049 097 048
0274 000 046 000 022 255 255 051 001 020 079 028 124 182 090 133 052
0275 000 050 000 012 255 255 045 008 017 071 013 132 217 131 127 067
0276 029 034 000 015 255 255 049 009 037 084 002 102 255 166 129 068
0277 000 023 000 009 255 255 042 000 038 074 007 087 255 166 121 043
0278 000 008 005 015 255 255 066 002 059 080 014 057 255 162 168 057
0279 000 000 003 033 255 255 060 001 056 113 004 046 255 151 157 054
0280 000 003 000 024 255 255 061 000 041 096 001 053 219 151 154 038
0281 000 013 000 036 255 255 049 000 012 112 003 067 183 163 137 043
0282 000 000 000 068 255 255 068 009 034 178 008 019 217 174 166 074
0283 000 000 020 064 255 255 060 020 082 174 013 020 255 183 153 122
0284 008 000 019 057 255 255 034 015 081 152 044 001 255 208 106 082
0285 019 000 013 033 255 255 012 018 070 112 058 024 254 251 070 084
0286 035 019 009 088 255 255 036 019 064 216 083 079 231 255 115 088
0287 044 031 002 042 255 255 023 000 053 128 093 099 232 255 087 043
0288 041 035 000 076 255 255 002 001 046 190 090 105 255 255 054 053
0289 050 031 011 082 255 255 022 000 069 200 102 098 255 255 090 037
0290 051 021 020 089 255 255 016 000 082 210 106 081 255 255 077 041
0291 063 013 021 083 255 255 018 001 087 202 119 067 255 255 079 055
0292 065 015 015 078 255 255 017 003 075 190 122 073 255 255 070 058
0293 065 015 002 063 255 255 007 000 052 164 124 073 255 255 060 030
0294 056 026 000 057 255 255 018 000 028 153 110 096 255 255 079 000
0295 045 048 000 057 255 210 027 000 044 152 095 132 255 255 094 000
0296 044 063 016 061 255 255 016 000 077 160 095 157 255 255 074 007
0297 048 066 031 059 255 255 009 000 105 158 103 159 255 255 065 015
0298 062 063 024 051 255 255 017 000 093 141 125 152 255 255 074 022
0299 074 062 017 032 255 255 026 000 081 106 141 150 244 255 094 032
0300 081 051 000 032 255 255 027 000 037 107 151 131 211 255 093 027
0301 073 033 000 042 255 255 046 000 012 131 140 105 177 255 128 018
0302 045 030 000 041 255 255 048 000 013 129 093 097 178 255 130 012
0303 022 027 000 048 255 255 039 000 014 136 061 092 218 255 112 008
0304 000 026 000 038 255 255 019 000 017 118 024 089 255 255 080 017
0305 001 018 000 037 255 255 030 000 012 118 033 076 255 255 098 040
0306 008 014 000 044 255 255 069 000 025 130 043 069 255 255 171 016
0307 011 008 000 058 255 247 100 000 024 156 049 058 255 255 219 013
0308 005 000 000 071 255 232 095 000 026 177 039 042 255 255 214 010
0309 000 000 000 062 255 253 086 000 015 161 013 020 255 255 196 012
0310 002 000 000 062 255 255 069 000 000 161 035 017 255 255 169 010
0311 000 000 000 055 255 255 060 000 039 150 029 025 255 255 155 026
0312 000 000 007 075 255 255 040 000 061 185 011 046 255 255 118 039
0313 000 024 004 066 255 255 027 005 057 170 001 089 255 255 092 062
0314 000 031 002 073 255 255 010 000 051 182 011 099 255 255 065 047
0315 001 021 004 073 255 255 000 000 056 183 033 083 255 255 040 049
0316 000 010 000 071 255 255 000 000 024 180 031 063 255 223 046 024
0317 000 010 000 084 255 255 022 000 042 200 026 064 255 190 085 030
0318 000 012 005 083 255 255 019 000 059 201 027 068 255 126 081 009
0319 006 021 000 095 255 255 007 000 045 230 042 081 255 088 061 007
0320 014 011 000 078 255 255 026 000 035 191 056 068 255 055 093 015
0321 033 002 000 078 255 255 042 000 036 192 081 051 255 038 119 015
0322 041 000 002 081 255 255 060 000 055 196 094 030 247 046 151 025
0323 037 000 007 088 197 255 048 000 063 207 086 029 206 072 129 037
0324 012 000 006 085 215 255 046 000 060 203 049 013 167 086 127 048
0325 000 000 002 075 254 255 034 001 052 186 026 017 151 095 107 054
0326 000 000 000 082 255 255 018 003 029 188 017 046 169 103 082 061
0327 000 008 000 096 255 255 009 000 021 222 018 063 168 171 064 042
0328 000 011 000 069 255 255 005 000 017 178 018 065 142 245 056 026
0329 000 021 000 098 255 255 001 000 023 230 006 082 109 255 049 025
0330 000 021 000 088 255 255 004 000 003 218 000 081 102 255 058 031
0331 000 001 000 087 255 255 000 000 000 211 008 046 153 255 040 034
0332 003 000 000 103 255 255 003 000 000 238 035 018 217 255 052 037
0333 022 000 000 105 255 255 012 001 010 241 058 000 255 241 071 053
0334 017 000 000 098 255 255 000 000 009 231 056 010 255 227 036 046
0335 019 000 000 105 255 255 000 004 000 241 057 008 255 227 036 055
0336 013 000 000 089 255 255 004 000 002 214 048 005 255 237 054 048
0337 000 000 000 078 255 255 000 000 002 194 016 002 255 251 043 019
0338 000 000 000 068 255 255 014 000 004 172 001 017 250 255 074 005
0339 000 000 000 070 255 255 005 000 013 177 009 002 255 255 057 013
0340 000 000 000 075 255 255 000 000 016 185 015 013 255 255 031 013
0341 000 000 000 055 255 255 000 000 033 154 008 023 255 255 025 027
0342 003 006 001 075 255 255 000 000 051 188 036 058 255 255 042 023
0343 022 010 004 089 255 255 000 000 055 210 064 065 236 255 047 023
0344 042 003 000 077 255 255 000 000 039 191 091 055 192 255 040 030
0345 055 000 000 073 255 255 000 000 037 181 111 040 171 244 021 012
0346 064 018 002 074 255 255 000 000 051 187 124 079 175 196 006 033
0347 062 024 005 080 255 255 000 000 056 198 120 088 157 171 013 030
0348 061 024 000 092 255 255 000 000 046 215 118 084 109 161 037 023
0349 061 019 000 090 255 255 002 000 040 212 121 080 071 132 051 022
0350 054 018 000 104 255 255 000 000 035 234 107 080 080 110 036 030
0351 048 000 000 100 255 255 000 000 041 227 099 042 138 111 017 030
0352 042 000 000 088 255 255 000 000 035 222 092 036 179 143 035 044
0353 039 002 000 097 255 255 000 001 034 229 088 047 194 187 046 052
0354 045 000 000 075 255 255 000 000 015 189 100 042 213 225 027 048
0355 058 000 000 082 255 255 000 000 008 204 117 012 221 251 013 048
0356 061 000 000 063 255 255 000 000 003 163 121 005 252 255 011 034
0357 077 000 000 061 255 255 000 000 026 158 143 028 255 255 012 028
0358 073 000 000 060 255 255 000 000 045 157 137 037 255 255 000 019
0359 068 000 007 044 255 255 000 000 061 128 131 022 255 255 003 006
0360 053 000 007 038 255 255 000 000 059 121 106 029 255 255 008 048
0361 048 004 000 038 255 255 000 007 047 119 102 055 255 255 006 066
0362 052 016 000 037 255 255 006 006 039 118 104 074 255 255 021 069
0363 013 006 000 043 255 255 000 000 040 127 047 055 255 255 045 046
0364 000 000 000 055 255 255 000 000 040 134 002 042 255 255 029 000
0365 000 000 002 043 255 255 000 000 052 138 010 047 255 255 018 000
0366 004 000 002 040 255 255 000 000 051 123 038 030 255 255 034 000
0367 007 000 000 032 255 255 000 000 047 107 039 035 255 255 035 001
0368 000 000 000 018 255 255 000 000 038 084 020 033 255 255 013 015
0369 000 000 000 021 255 255 000 000 011 095 005 026 255 255 000 007
0370 000 000 000 016 255 255 000 000 000 081 002 021 255 255 000 032
0371 000 000 000 018 255 255 000 000 000 087 000 018 255 255 041 029
0372 000 000 000 028 255 255 005 000 004 101 003 001 255 255 061 002
0373 000 000 000 026 255 255 018 000 000 099 011 008 255 255 079 025
0374 000 000 000 025 255 255 021 000 000 101 014 024 255 255 083 013
0375 000 000 000 017 255 255 002 000 014 082 023 029 255 255 050 000
0376 010 004 000 022 255 255 000 000 039 085 046 055 199 255 018 013
0377 014 023 000 022 255 255 000 000 037 096 051 083 152 255 032 016
0378 009 019 000 023 255 255 000 000 035 096 045 074 168 255 027 025
0379 000 012 000 030 255 255 000 006 033 105 026 068 194 255 036 066
0380 012 006 000 028 255 255 001 007 020 093 008 055 238 255 048 065
0381 011 006 000 031 240 255 004 000 034 109 050 057 255 255 052 035
0382 042 000 000 040 144 255 006 000 046 120 093 047 255 255 055 007
0383 069 000 004 052 246 255 000 000 056 148 132 046 255 255 034 003
0384 095 000 001 048 255 255 000 000 049 144 167 044 255 255 046 000
0385 118 000 000 061 255 255 000 000 029 175 203 028 255 255 048 000
0386 145 000 000 048 255 255 000 000 008 138 242 010 255 255 031 001
0387 163 000 000 048 255 255 000 000 012 121 255 026 244 255 023 004
0388 172 000 000 030 255 255 001 000 038 106 255 040 255 255 049 007
0389 169 000 012 033 255 255 000 000 069 126 255 036 255 255 038 016
0390 166 000 020 053 255 255 000 000 084 145 255 010 255 255 016 026
0391 161 000 006 055 255 255 000 000 059 136 254 000 255 255 027 005
0392 138 000 000 046 255 255 000 000 025 154 227 000 255 255 017 000
0393 121 000 000 048 255 255 000 000 024 140 208 000 255 255 025 000
0394 098 000 000 027 255 255 000 000 000 102 171 020 255 255 029 000
0395 081 000 000 028 255 255 000 000 018 089 147 042 255 255 021 000
0396 058 000 000 014 255 255 000 000 025 072 114 016 255 235 040 000
0397 030 000 000 002 255 255 000 000 029 058 074 008 255 223 042 000
0398 011 000 000 014 255 255 000 000 017 084 046 005 255 229 048 000
0399 009 000 000 021 255 255 004 000 023 086 048 006 255 254 057 000
0400 022 000 000 016 255 255 014 000 030 082 060 000 255 255 072 000
0401 043 000 000 015 255 255 000 000 027 080 095 000 255 255 047 000
0402 068 000 000 032 255 255 013 000 014 102 128 001 255 255 070 000
0403 090 000 000 029 255 255 008 000 009 112 163 009 255 255 063 018
0404 104 000 000 026 255 255 010 000 004 104 181 043 255 255 065 005
0405 102 005 000 012 255 255 004 000 000 062 179 058 255 255 054 000
0406 080 006 000 003 255 255 000 000 000 056 147 059 255 255 026 016
0407 046 000 000 000 255 255 000 000 006 036 094 042 255 255 000 048
0408 014 000 000 002 255 255 000 000 002 054 049 027 255 255 017 022
0409 002 000 000 006 255 255 004 000 008 069 032 043 255 255 057 010
0410 000 007 000 013 255 255 014 000 006 072 006 061 255 255 072 002
0411 000 033 000 004 255 255 021 000 038 063 017 103 255 255 088 000
0412 000 047 017 013 255 255 029 000 081 069 019 125 255 255 103 000
0413 000 039 021 015 255 255 022 000 088 074 008 111 255 255 085 000
0414 001 011 001 025 255 255 000 000 050 088 031 064 255 255 047 037
0415 016 002 000 040 255 255 028 000 025 121 054 008 255 255 098 005
0416 029 000 000 056 255 255 060 000 015 161 073 000 255 255 156 008
0417 028 000 000 083 255 255 056 000 031 200 070 031 255 255 143 000
0418 020 010 004 104 255 255 031 000 058 247 058 065 255 255 107 014
0419 023 028 007 107 255 255 049 000 062 241 065 091 255 255 129 013
0420 019 027 001 085 255 255 016 000 051 209 055 090 255 255 075 000
0421 014 011 000 049 255 255 000 000 039 139 050 064 255 255 037 000
0422 013 015 000 028 255 255 000 000 029 100 049 074 255 255 029 005
0423 002 010 000 024 255 255 004 000 022 098 030 062 255 255 039 030
0424 000 000 000 014 255 255 003 000 005 072 025 040 255 255 053 037
0425 000 000 000 001 255 255 000 000 000 054 020 016 255 255 027 017
0426 000 000 000 004 255 255 000 000 006 059 013 024 255 255 022 001
0427 000 000 000 008 255 255 000 000 010 064 007 028 255 255 018 008
0428 000 002 000 021 255 255 000 000 001 087 000 049 255 255 026 026
0429 000 000 000 000 255 255 000 000 002 041 005 047 255 255 016 031
0430 000 004 000 008 255 255 000 000 004 060 007 050 255 255 018 000
0431 000 001 000 001 255 255 000 000 016 041 017 048 255 255 034 011
0432 001 004 000 000 255 255 000 000 008 024 030 051 255 255 043 027
0433 011 000 000 000 255 255 000 000 006 023 047 047 255 255 038 013
0434 015 004 000 000 254 255 000 000 004 054 052 054 255 255 035 019
0435 015 016 000 016 235 255 000 000 000 088 054 071 255 255 017 011
0436 025 017 000 037 255 255 000 000 000 118 069 073 255 255 021 000
0437 038 015 000 037 255 255 000 000 000 121 088 072 255 255 022 000
0438 041 012 000 010 253 255 000 000 001 066 091 067 255 255 016 021
0439 041 000 000 007 138 255 000 000 019 066 090 042 255 255 006 013
0440 032 000 000 007 127 255 000 000 029 059 078 019 255 255 014 006
0441 011 000 000 016 220 255 000 000 017 080 045 027 255 219 001 008
0442 000 000 000 038 255 255 000 000 017 122 004 037 255 182 009 045
0443 000 000 000 045 255 255 000 000 018 134 000 044 255 213 043 003
0444 006 004 000 039 255 255 017 000 023 120 040 052 255 254 080 000
0445 034 002 000 014 255 255 016 000 033 076 086 048 255 255 076 003
0446 049 007 000 000 255 255 013 000 033 038 103 059 255 255 072 014
0447 031 005 000 035 255 255 013 000 030 100 073 053 255 248 068 034
0448 001 000 000 033 255 255 008 000 022 120 024 043 255 186 061 053
0449 000 000 000 043 255 255 007 007 043 129 000 021 255 146 064 064
0450 000 000 000 043 255 255 000 000 035 128 000 001 255 158 039 038
0451 000 000 000 039 255 255 000 000 049 123 009 000 255 205 005 036
0452 000 000 000 005 255 255 000 000 038 060 011 028 255 235 043 035
0453 004 000 000 000 255 255 000 000 001 026 005 023 255 240 033 008
0454 000 000 000 000 255 255 000 000 000 028 010 026 255 255 033 007
0455 000 000 000 005 255 255 000 001 001 060 016 030 255 255 033 000
0456 000 000 000 000 255 255 000 000 039 032 006 010 255 255 017 011
0457 000 000 014 000 255 255 000 000 074 031 000 013 255 255 036 000
0458 000 000 019 000 255 255 000 000 080 034 008 006 255 255 039 019
0459 000 000 001 000 255 255 005 000 051 023 027 004 255 255 054 047
0460 001 000 000 000 255 255 009 000 036 038 031 012 255 255 064 040
0461 000 000 000 000 255 255 016 000 048 032 029 022 255 223 076 023
0462 000 000 006 005 255 255 004 000 059 062 024 028 255 208 056 043
0463 000 000 010 010 255 255 009 000 067 069 016 029 255 224 065 041
0464 000 000 000 001 255 255 013 000 047 049 021 031 255 255 070 039
0465 005 000 000 000 255 255 020 000 022 045 039 029 255 255 081 023
0466 005 000 000 000 255 255 028 000 000 007 038 023 255 255 094 012
0467 002 000 000 000 255 255 015 000 000 001 031 024 251 255 075 034
0468 002 001 000 000 255 255 021 000 006 019 034 051 255 255 084 047
0469 000 028 000 000 255 255 042 000 011 029 024 099 255 255 119 035
0470 021 038 000 009 255 255 044 000 005 067 062 114 255 255 124 014
0471 046 031 000 006 255 255 021 000 000 062 098 097 255 255 084 001
0472 051 001 000 001 255 255 020 000 009 054 102 047 255 255 082 000
0473 039 000 000 000 255 255 029 000 025 026 085 025 255 255 099 021
0474 036 000 000 000 255 255 023 000 029 007 083 025 255 255 086 034
0475 029 000 000 000 255 255 005 000 025 000 071 007 255 255 059 032
0476 029 000 000 000 255 255 011 000 020 030 072 009 255 255 066 003
0477 016 000 000 000 255 255 000 000 023 038 051 022 255 255 046 001
0478 006 006 000 000 255 255 003 000 032 046 041 058 255 255 051 012
0479 002 024 000 009 255 255 005 000 035 067 034 088 255 255 057 019
0480 027 021 000 010 255 255 000 000 000 066 071 081 255 255 016 032
0481 051 024 000 034 255 255 000 000 004 112 104 087 255 254 029 023
0482 050 024 000 039 255 255 000 000 024 120 104 087 255 248 040 015
0483 032 022 000 032 255 255 020 000 046 105 075 084 255 255 081 009
0484 028 020 000 035 255 255 018 000 056 113 072 083 255 255 077 007
0485 041 016 000 018 255 255 006 000 044 080 090 075 255 255 058 021
0486 047 011 003 030 255 255 010 000 056 113 097 066 255 255 065 014
0487 070 013 000 054 255 255 001 000 036 155 139 068 255 255 049 032
0488 075 011 000 056 255 255 000 000 044 148 144 066 255 255 046 043
0489 063 008 023 048 255 255 006 000 092 138 123 063 255 255 060 052
0490 042 008 029 044 255 255 026 000 102 136 091 062 255 255 096 039
0491 012 016 032 063 255 255 031 000 107 161 047 076 255 255 102 031
0492 000 014 020 037 255 255 031 000 084 116 024 072 255 255 099 020
0493 001 009 012 025 255 255 016 000 069 097 031 065 255 255 076 018
0494 012 000 000 000 255 255 002 000 045 040 048 043 255 255 049 006
0495 023 001 000 000 255 255 001 000 047 047 067 049 255 255 050 002
0496 045 006 005 000 255 255 000 000 057 030 096 058 255 255 045 007
0497 056 010 006 009 255 255 000 000 058 065 110 065 255 255 046 000
0498 063 016 000 027 255 255 000 000 003 098 120 073 255 253 028 000
0499 047 007 000 048 255 255 000 000 000 137 095 060 255 202 012 003
0500 018 000 000 035 255 255 000 000 000 118 053 036 255 168 008 014
0501 000 000 000 027 255 255 000 000 000 103 017 047 255 166 037 024
0502 000 007 000 012 255 255 000 000 022 075 013 060 255 168 044 022
0503 000 008 000 004 255 255 004 000 023 060 005 063 255 180 053 027
0504 000 015 000 004 255 255 000 000 003 058 027 073 255 189 025 048
0505 008 045 000 005 255 255 000 000 005 062 040 124 255 208 020 042
0506 012 069 000 029 255 255 000 000 021 103 049 167 255 232 023 000
0507 018 079 000 034 255 255 000 000 029 112 056 182 255 253 028 004
0508 015 061 000 019 255 255 000 000 029 084 051 147 255 255 007 015
0509 008 041 000 015 255 255 000 000 012 077 043 113 255 255 000 000
0510 005 016 000 002 255 255 000 000 000 057 039 074 255 255 030 004
0511 000 000 000 029 255 255 011 000 001 107 028 016 255 255 070 020
0512 000 000 000 031 255 255 025 000 000 106 026 015 255 255 090 034
0513 006 001 000 012 255 255 012 000 004 071 039 049 255 255 067 031
0514 013 009 000 000 255 255 013 000 000 031 050 063 255 255 071 033
0515 030 012 000 000 255 255 016 000 000 012 076 069 255 255 079 047
0516 055 000 000 005 255 255 001 000 000 057 108 044 255 255 050 045
0517 071 000 000 021 255 255 000 000 000 087 134 042 255 255 044 034
0518 083 000 000 004 255 255 008 000 000 058 154 022 255 255 061 029
0519 096 000 000 008 255 255 017 000 000 063 169 020 255 255 076 024
0520 079 000 000 006 255 255 014 000 000 062 146 036 255 255 074 031
0521 081 000 000 020 255 255 026 000 013 087 145 045 255 255 096 023
0522 062 000 000 014 255 255 055 000 039 076 117 034 255 255 143 007
0523 038 000 014 019 255 255 052 000 073 087 083 034 255 255 137 027
0524 004 000 022 005 255 255 031 000 089 059 035 027 255 255 103 032
0525 000 000 016 000 255 255 031 000 076 046 017 014 255 255 103 036
0526 014 000 012 006 255 255 020 000 070 065 051 020 255 255 084 028
0527 029 000 007 004 255 255 002 000 060 061 076 031 255 255 050 021
0528 034 001 000 016 255 255 000 004 026 083 083 046 234 255 046 060
0529 041 004 000 033 255 255 007 008 017 113 093 054 193 218 065 070
0530 047 019 000 039 255 255 036 012 008 121 101 080 255 144 116 076
0531 043 021 000 057 255 255 034 002 000 153 095 083 255 204 106 058
0532 031 013 000 044 255 255 029 000 000 127 073 074 255 252 096 027
0533 018 012 000 004 255 255 033 002 000 057 058 069 255 255 108 048
0534 012 017 000 000 255 255 067 000 000 024 053 076 255 255 166 039
0535 004 017 000 000 255 255 087 000 019 029 036 076 255 255 199 028
0536 000 022 000 000 255 255 096 000 039 050 024 084 255 255 214 049
0537 000 040 001 017 255 255 080 007 052 082 023 113 255 255 185 064
0538 000 039 000 019 255 255 056 013 037 101 010 113 255 248 144 079
0539 000 022 000 016 255 255 062 050 016 080 001 081 255 250 155 146
0540 000 018 000 008 255 255 079 043 000 064 000 076 255 255 185 129
0541 000 000 000 000 255 255 093 044 000 043 001 046 255 255 208 132
0542 000 000 000 000 255 255 112 042 000 003 005 021 255 255 240 129
0543 000 000 000 000 255 255 103 036 000 023 004 044 255 255 225 112
0544 000 000 000 000 255 255 082 018 000 039 004 041 255 255 186 085
0545 000 000 000 002 255 255 047 000 009 056 010 025 255 255 126 051
0546 000 002 000 000 255 255 000 003 042 044 000 050 255 255 043 049
0547 000 009 003 005 255 255 000 000 056 062 000 062 255 255 010 044
0548 000 020 019 018 255 255 000 008 086 084 003 081 255 255 033 073
0549 000 032 031 017 255 255 014 012 105 085 004 103 255 255 076 076
0550 000 051 022 036 255 255 014 000 085 115 011 133 255 240 074 042
0551 000 054 002 061 255 255 021 000 054 166 014 137 255 187 084 010
0552 000 028 000 079 255 255 015 000 038 194 023 090 255 119 074 010
0553 001 000 000 089 255 255 010 000 015 212 031 037 255 128 067 013
0554 001 000 000 083 255 255 005 000 000 202 031 002 255 153 056 024
0555 010 000 000 063 255 255 009 000 000 169 044 003 255 204 067 035
0556 007 000 000 037 255 255 006 008 000 119 040 042 255 253 057 069
0557 003 029 000 041 255 255 009 019 000 123 033 097 255 255 065 091
0558 000 062 000 029 255 255 017 015 006 103 014 155 255 255 077 079
0559 000 080 000 025 255 255 032 010 034 098 003 180 255 255 104 071
0560 000 067 007 029 255 255 029 004 063 103 007 158 255 255 099 060
0561 000 054 005 034 255 255 022 001 057 120 015 138 255 255 086 054
0562 000 038 003 051 255 255 044 004 054 146 019 113 255 255 124 062
0563 000 027 000 058 255 255 048 005 044 154 032 092 255 255 131 064
0564 008 018 000 082 255 255 059 002 033 199 045 076 255 255 151 058
0565 024 011 000 064 255 255 059 008 019 165 069 064 255 255 176 068
0566 037 023 000 049 255 255 058 000 000 137 088 084 255 255 146 044
0567 035 021 000 041 255 255 064 000 001 120 085 081 255 255 160 032
0568 058 016 000 019 255 255 068 000 039 087 117 075 255 255 164 028
0569 062 016 013 034 255 255 052 000 072 111 121 073 255 255 137 030
0570 036 029 027 026 255 255 039 002 096 086 082 095 255 255 115 053
0571 012 022 038 014 255 255 015 000 114 071 046 084 255 255 072 051
0572 000 011 033 017 255 255 000 000 107 078 029 065 255 255 042 041
0573 001 002 024 005 255 255 000 000 094 059 029 049 255 255 045 034
0574 000 003 020 013 255 255 003 000 083 070 022 053 255 255 052 033
0575 000 013 003 032 255 255 000 000 054 110 025 068 255 255 010 036
0576 005 013 000 023 255 255 000 000 027 095 038 069 255 252 017 032
0577 005 015 000 013 255 255 011 000 020 075 036 072 255 206 069 023
0578 018 004 000 013 255 255 017 000 026 077 058 053 255 189 076 029
0579 025 000 000 012 255 255 014 000 038 075 068 036 255 194 071 029
0580 023 018 000 007 255 255 009 000 049 065 061 078 255 224 060 030
0581 006 030 000 000 255 255 000 000 045 037 039 097 255 239 028 025
0582 000 046 000 000 255 255 000 002 032 021 016 124 255 255 041 043
0583 000 062 000 000 255 255 001 005 025 031 000 153 255 255 047 063
0584 000 070 000 000 255 255 010 000 033 038 000 164 255 255 064 023
0585 000 059 000 004 255 255 028 000 023 064 000 148 255 255 096 007
0586 000 045 000 014 255 255 033 000 042 075 015 119 255 255 101 009
0587 014 036 005 008 255 255 029 000 058 065 050 107 255 255 098 014
0588 030 024 002 000 255 255 027 000 052 043 076 087 255 255 094 017
0589 052 023 008 000 255 255 014 000 062 019 104 085 255 255 073 014
0590 052 021 000 006 255 255 025 000 043 062 107 084 255 255 092 028
0591 030 026 000 037 255 255 012 001 015 119 074 094 255 255 070 048
0592 014 034 000 028 255 255 014 000 007 102 051 108 255 255 068 036
0593 010 042 000 021 255 255 008 000 019 082 047 121 255 255 063 019
0594 000 033 000 000 175 255 003 000 034 012 026 107 221 255 055 020
0595 001 018 000 000 202 255 000 001 040 022 025 078 131 255 044 051
0596 000 025 000 000 219 255 007 016 038 029 027 093 132 255 064 076
0597 017 036 000 000 220 255 010 020 026 050 022 113 194 255 066 090
0598 020 034 001 000 204 255 001 026 050 028 038 108 255 255 049 105
0599 014 028 000 000 228 255 009 024 039 044 049 095 255 255 064 096
0600 023 018 000 000 255 244 029 010 032 033 062 078 255 255 099 072
0601 033 032 000 000 255 254 034 000 013 044 076 102 255 255 109 039
0602 034 037 000 000 255 255 052 000 000 025 079 111 255 255 135 019
0603 027 029 000 000 255 255 049 000 000 028 067 097 197 255 131 037
0604 015 020 000 000 255 255 031 000 000 027 049 080 180 237 101 039
0605 006 005 000 000 255 255 024 000 000 031 036 058 199 216 087 032
0606 000 000 000 002 249 255 025 000 000 053 005 046 234 203 095 000
0607 000 005 000 021 228 247 019 000 000 086 000 055 255 194 082 000
0608 000 019 000 024 254 132 021 000 000 095 008 081 255 190 088 000
0609 000 044 000 017 255 197 031 000 000 080 029 122 255 188 101 008
0610 000 049 000 012 255 249 027 000 000 071 030 128 255 190 092 008
0611 004 051 000 014 255 255 036 000 000 076 038 131 255 199 110 009
0612 000 047 000 002 219 255 041 000 003 053 014 127 255 195 120 014
0613 000 039 000 013 172 255 029 000 017 078 008 114 255 211 099 008
0614 000 037 000 012 105 255 032 000 016 083 009 113 255 203 104 007
0615 000 041 000 013 114 255 038 000 005 077 011 115 255 191 112 001
0616 000 046 000 026 121 255 036 000 000 097 001 127 255 167 114 008
0617 000 039 000 030 156 255 026 000 013 109 003 112 255 126 089 010
0618 000 030 000 030 154 255 019 000 012 108 001 094 255 110 083 015
0619 000 005 000 029 159 255 008 000 002 106 021 057 255 101 062 038
0620 000 018 000 027 132 255 006 005 005 100 030 083 255 100 058 058
0621 005 045 000 030 131 255 000 002 004 108 035 130 255 110 021 058
0622 004 069 000 019 205 255 000 000 001 088 036 170 255 141 015 049
0623 007 081 000 013 250 255 000 000 009 088 041 189 255 181 000 025
0624 006 071 000 009 253 255 002 000 007 068 039 172 255 203 001 023
0625 008 061 000 020 231 255 000 000 003 086 043 153 255 236 009 041
0626 000 050 000 026 255 255 000 000 000 099 029 135 255 250 025 003
0627 000 043 000 023 255 255 000 000 000 093 026 123 255 255 025 015
0628 004 045 000 030 255 255 000 000 000 107 035 129 255 255 023 016
0629 010 054 000 014 255 255 000 000 000 079 045 141 255 255 028 024
0630 037 046 000 006 255 255 000 000 002 064 085 131 255 251 024 002
0631 043 043 000 021 255 255 000 000 001 087 091 123 255 234 029 002
0632 042 039 000 050 255 255 000 000 000 143 090 116 255 227 013 000
0633 037 045 000 070 255 255 000 000 000 177 082 124 255 220 012 000
0634 023 050 000 087 255 255 000 000 000 206 065 134 255 233 013 000
0635 014 047 000 083 254 255 001 000 000 202 052 129 255 251 048 000
0636 001 042 000 072 255 255 007 000 000 178 028 117 255 255 059 000
0637 000 035 000 073 255 255 020 000 006 178 000 104 255 255 084 009
0638 000 024 000 069 255 255 026 000 008 173 000 086 255 255 092 015
0639 000 028 000 077 255 255 022 000 020 191 000 094 255 255 083 029
0640 000 034 000 084 255 255 020 001 010 200 004 102 255 243 083 055
0641 000 032 000 065 255 255 019 011 002 170 005 100 255 230 080 073
0642 000 035 000 085 255 255 014 007 000 205 011 110 255 219 071 063
0643 000 036 000 110 255 244 011 000 000 247 029 110 255 195 065 020
0644 005 027 000 118 238 223 001 000 000 255 036 097 255 176 046 030
0645 009 023 000 123 166 255 000 000 000 255 045 088 255 169 034 037
0646 008 015 000 136 126 255 000 000 000 255 040 076 255 151 031 015
0647 000 011 000 149 116 255 000 000 000 255 020 069 255 139 032 002
0648 000 012 000 141 129 255 000 000 000 255 017 065 255 115 027 003
0649 000 013 000 083 167 255 000 000 000 198 022 068 255 091 012 009
0650 000 011 000 102 206 255 000 000 000 234 031 066 255 058 022 031
0651 000 021 000 167 253 255 010 008 000 255 026 086 255 046 068 035
0652 000 018 000 211 255 255 014 000 000 255 022 080 255 073 074 025
0653 000 011 000 255 255 255 028 000 001 255 000 068 255 088 095 026
0654 000 007 000 255 255 255 037 000 007 255 000 062 255 076 111 037
0655 000 008 000 255 216 255 026 002 004 255 000 059 255 065 091 056
0656 000 015 000 255 160 241 011 000 003 255 000 072 255 083 065 031
0657 000 015 000 255 156 185 000 000 000 255 000 071 255 115 048 007
0658 000 024 000 255 226 146 000 000 000 255 002 085 255 201 043 023
0659 000 021 000 252 241 133 002 000 004 255 012 080 255 217 049 018
0660 000 017 000 255 255 137 000 002 000 255 012 076 255 221 042 018
0661 000 025 000 255 255 179 000 000 013 255 007 091 255 232 015 021
0662 000 031 000 255 254 242 000 000 001 255 001 098 255 238 045 001
0663 000 026 000 250 135 255 004 000 000 255 000 090 255 233 056 016
0664 000 027 000 122 086 255 005 000 000 252 007 094 255 244 056 036
0665 000 029 000 076 164 255 031 000 010 184 001 096 255 235 101 026
0666 000 043 000 014 255 255 034 000 000 078 000 119 255 246 109 046
0667 000 038 000 000 255 255 034 000 000 023 000 110 255 238 104 035
0668 000 033 000 000 255 255 017 000 000 047 000 100 255 230 074 044
0669 000 020 000 032 255 255 013 006 000 111 037 082 255 204 071 065
0670 000 003 000 058 255 255 000 000 000 155 029 053 255 168 043 039
0671 004 000 000 090 255 255 006 000 000 212 035 026 255 144 058 050
0672 006 000 000 095 255 255 000 000 005 219 038 027 255 146 034 053
0673 002 000 000 094 255 255 000 000 019 218 034 022 255 145 000 027
0674 007 000 000 106 255 255 000 000 017 242 041 026 255 135 009 011
0675 026 000 000 101 255 255 000 000 010 235 042 032 255 119 032 004
0676 010 000 000 151 255 255 002 000 000 255 045 036 255 117 052 018
0677 004 000 000 199 255 255 014 000 000 255 038 028 255 117 068 020
0678 001 000 000 178 255 222 004 000 001 255 029 049 255 116 057 021
0679 000 017 000 189 226 158 011 000 015 255 029 075 255 136 069 028
0680 000 022 000 159 158 134 025 000 025 255 030 085 255 150 089 021
0681 002 035 000 101 066 105 019 000 016 231 036 104 253 180 080 007
0682 004 039 000 086 028 100 025 000 002 205 036 115 226 213 092 006
0683 000 035 000 094 016 078 033 000 000 224 023 103 178 210 105 002
0684 000 021 000 130 009 047 024 000 000 255 021 080 154 208 090 001
0685 000 001 000 187 014 037 014 000 000 255 015 049 153 201 071 000
0686 000 000 000 181 007 037 005 000 000 255 018 039 148 181 056 000
0687 000 008 000 188 015 042 000 000 000 255 026 056 155 189 037 000
0688 000 000 000 173 019 044 000 000 000 255 025 045 127 202 032 000
0689 000 000 000 176 030 057 016 000 000 255 017 038 098 204 081 000
0690 000 004 000 231 053 060 045 000 009 255 009 051 102 219 131 001
0691 000 006 000 251 060 059 040 000 014 255 004 057 089 174 119 000
0692 000 003 000 255 103 034 035 000 007 255 018 050 104 149 106 000
0693 000 000 000 230 114 031 025 000 014 255 029 034 126 131 089 000
0694 011 000 000 217 103 021 020 000 024 255 045 019 145 128 082 000
0695 006 000 000 213 110 026 023 000 012 255 040 011 156 138 086 001
0696 007 000 000 225 117 017 016 000 014 255 039 013 145 128 076 013
0697 000 000 000 248 113 040 014 000 007 255 028 013 129 120 072 000
0698 000 000 000 255 054 060 025 000 003 255 026 008 101 129 094 000
0699 000 000 000 255 017 099 025 000 000 255 010 013 078 123 093 000
0700 000 000 000 255 047 100 018 000 000 255 029 028 055 119 077 000
0701 006 000 000 252 096 064 006 000 003 255 040 034 041 110 060 000
0702 009 000 000 178 155 071 024 000 000 255 046 028 059 081 088 000
0703 003 000 000 086 165 098 022 000 000 201 034 012 078 072 085 000
0704 006 000 000 052 133 119 011 000 000 145 025 015 068 072 067 000
0705 016 000 000 066 078 116 012 000 000 168 050 020 048 075 068 000
0706 008 000 000 080 059 082 011 000 000 197 021 017 076 075 062 000
0707 000 000 000 086 086 060 024 000 000 206 017 026 080 066 091 000
0708 000 000 000 061 134 096 027 000 000 161 018 055 071 084 097 008
0709 000 000 000 060 205 122 064 000 000 158 000 007 092 110 163 000
0710 000 000 000 076 255 127 067 007 000 187 005 006 102 134 165 000
0711 000 000 000 071 255 173 031 000 000 178 000 022 111 176 103 000
0712 000 000 000 046 255 185 011 000 000 136 000 021 125 188 067 000
0713 000 000 000 018 255 152 000 000 000 083 001 022 135 199 041 000
0714 000 000 000 015 255 136 007 000 000 080 000 015 141 190 061 000
0715 000 000 000 006 236 107 007 000 009 062 000 006 150 161 059 000
0716 000 000 000 005 237 098 008 000 034 064 000 002 163 144 062 005
0717 000 000 000 005 151 087 023 000 027 060 000 000 164 108 089 000
0718 000 000 000 009 070 105 007 000 000 069 000 016 159 088 063 000
0719 000 000 000 003 043 113 000 000 000 055 000 028 135 098 041 000
0720 000 000 000 000 018 114 015 000 000 014 000 017 118 107 072 000
0721 000 000 000 000 060 134 017 000 000 016 000 004 115 133 079 000
0722 000 000 000 000 122 131 018 000 012 045 047 001 122 144 082 000
0723 000 000 000 018 181 119 000 000 042 084 000 000 127 149 022 000
0724 000 000 012 037 204 141 000 000 070 118 004 000 159 151 033 000
0725 000 000 008 040 187 140 013 000 064 122 021 002 168 146 072 000
0726 002 000 000 036 210 159 014 000 041 115 032 003 156 138 070 000
0727 004 000 000 033 252 175 021 000 018 111 033 015 131 125 084 000
0728 000 000 000 016 251 174 016 000 000 078 018 029 099 117 075 000
0729 000 000 000 005 234 158 004 000 000 061 003 039 098 109 054 000
0730 000 000 000 001 203 188 000 000 005 049 001 032 102 105 044 000
0731 000 000 000 000 189 195 000 000 000 028 025 027 094 103 044 000
0732 006 000 000 000 207 184 008 000 000 028 040 032 072 100 062 000
0733 014 000 000 000 255 202 013 000 000 033 052 027 063 094 077 000
0734 011 000 000 007 255 222 029 000 000 064 045 026 065 073 103 000
0735 006 000 000 003 255 255 025 000 003 060 039 037 060 061 090 000
0736 003 000 000 012 255 255 000 000 005 075 034 030 058 077 024 000
0737 006 000 000 030 255 255 000 000 014 107 041 016 065 103 000 000
0738 010 000 000 035 255 254 000 000 006 117 045 022 079 134 031 000
0739 014 000 000 035 255 223 000 000 002 118 049 024 074 136 048 000
0740 000 000 000 030 255 193 008 000 000 104 029 044 075 143 055 000
0741 000 010 000 020 255 198 000 005 000 086 014 063 075 131 039 000
0742 000 025 000 008 255 255 000 000 004 063 000 089 081 122 011 000
0743 000 046 000 005 255 255 002 000 000 058 000 126 096 106 049 000
0744 000 063 000 009 255 255 008 000 001 069 000 159 099 105 065 000
0745 000 085 000 000 255 255 020 000 001 050 000 192 098 102 084 000
0746 000 100 000 005 239 255 000 000 000 060 005 220 098 100 048 000
0747 000 106 000 019 217 255 000 000 000 086 010 226 089 103 031 000
0748 000 115 000 018 240 255 000 000 002 083 016 247 077 118 016 011
0749 000 126 000 008 255 244 000 000 000 066 024 255 056 133 050 000
0750 010 145 000 000 255 255 000 000 000 033 046 255 048 144 046 000
0751 008 157 000 012 255 255 000 000 000 064 044 255 046 141 028 000
0752 001 157 000 000 255 255 000 000 000 047 024 255 051 135 032 000
0753 000 160 000 013 255 236 000 000 002 078 011 255 062 130 045 000
0754 000 160 000 027 255 212 014 000 006 080 011 255 112 132 074 000
0755 000 161 000 038 255 241 011 000 002 117 024 255 143 134 065 000
0756 004 167 000 068 252 223 010 000 003 175 034 255 160 138 064 000
0757 000 163 000 076 255 198 012 000 005 185 019 255 147 131 068 000
0758 000 154 000 063 247 219 013 000 000 164 002 255 138 130 071 000
0759 000 139 000 049 246 252 008 000 000 138 000 255 144 120 063 000
0760 000 102 000 026 255 255 017 000 000 098 004 219 148 106 079 000
0761 000 065 000 007 255 255 027 000 000 067 001 155 163 089 098 000
0762 000 037 000 008 255 255 035 000 000 067 000 108 169 072 107 010
0763 000 020 000 005 240 255 041 000 001 060 000 080 170 062 124 000
0764 000 000 000 000 159 255 008 000 000 033 000 039 185 128 059 000
0765 000 000 000 000 253 255 010 000 000 044 000 001 182 169 063 000
0766 000 000 000 000 255 244 009 000 000 026 004 032 172 206 066 020
0767 000 008 000 000 255 170 021 000 000 019 000 066 149 209 086 000
0768 000 015 000 000 225 109 018 000 000 015 000 073 122 206 080 000
0769 000 000 000 000 108 116 040 000 000 015 000 043 095 202 118 000
0770 000 000 000 000 049 152 008 000 000 030 000 023 062 181 060 000
0771 000 000 000 000 069 188 005 000 010 045 000 001 091 166 056 000
0772 000 000 000 000 087 194 000 000 019 050 000 012 084 155 046 000
0773 000 005 000 000 130 216 014 000 034 043 000 059 058 149 074 009
0774 000 038 000 000 191 224 004 000 026 031 012 114 053 146 056 000
0775 000 073 000 000 255 216 000 000 015 030 028 175 080 132 035 000
0776 007 098 000 000 255 205 005 000 007 048 040 213 075 112 059 000
0777 015 117 000 000 255 227 036 000 022 001 048 243 067 075 110 000
0778 016 122 000 000 255 225 025 000 034 017 051 252 059 043 089 000
0779 001 124 000 000 255 183 008 000 032 026 031 255 046 022 060 000
0780 005 116 000 000 255 125 000 000 029 006 038 243 041 013 021 000
0781 011 097 000 000 207 105 000 000 020 027 045 210 017 027 042 000
0782 006 080 000 001 165 125 000 000 025 042 039 179 020 037 036 000
0783 001 072 000 000 136 187 000 000 031 015 029 168 049 040 049 000
0784 000 104 000 000 089 252 023 000 031 020 002 225 054 025 088 000
0785 000 162 000 001 034 255 007 000 016 039 000 255 027 004 060 000
0786 000 210 000 000 060 255 019 000 013 027 000 255 032 012 083 000
0787 000 255 000 000 189 255 051 000 012 043 001 255 037 030 135 000
0788 000 255 000 000 255 255 015 000 013 027 014 255 082 025 075 000
0789 000 255 000 000 255 255 000 000 009 042 015 255 122 013 028 000
0790 000 255 000 000 255 255 000 000 011 041 021 255 096 018 039 000
0791 000 239 000 002 255 255 000 000 004 033 020 255 091 018 044 000
0792 008 206 000 001 255 255 000 000 000 032 039 255 069 017 021 000
0793 000 200 000 004 255 255 000 000 000 057 021 255 099 010 029 000
0794 000 187 000 000 255 255 000 000 000 037 016 255 115 009 027 010
0795 000 172 000 000 255 255 000 000 000 033 017 255 114 000 034 000
0796 000 177 000 000 255 255 000 000 009 043 019 255 100 000 031 000
0797 004 184 000 000 255 255 000 000 023 025 035 255 125 000 029 000
0798 001 172 000 000 255 255 000 000 018 040 029 255 117 009 036 000
0799 005 121 000 000 255 255 000 000 000 052 037 247 095 024 022 000
0800 000 105 000 000 255 255 000 000 000 030 025 224 092 032 007 000
0801 001 123 000 018 255 255 000 000 000 089 030 252 056 052 008 000
0802 006 098 000 014 244 255 000 000 005 078 038 214 056 064 043 000
0803 018 044 000 016 232 255 000 000 017 083 057 116 033 090 041 000
0804 011 020 000 036 217 255 004 000 018 116 041 083 071 104 029 000
0805 015 008 000 044 187 255 000 007 011 129 052 061 090 107 023 000
0806 009 033 000 049 150 255 000 000 007 141 041 109 062 134 025 000
0807 002 071 000 037 194 255 000 000 009 116 018 173 087 135 011 000
0808 000 095 000 032 203 255 000 000 001 108 002 213 094 146 015 000
0809 000 114 000 028 247 255 000 000 004 100 005 238 116 155 006 000
0810 000 118 000 038 255 255 000 000 000 118 000 248 134 145 000 000
0811 000 115 000 044 255 255 000 000 000 129 010 244 122 115 009 000
0812 000 103 000 039 255 244 000 000 000 122 000 221 157 084 042 000
0813 000 087 000 021 219 197 008 000 000 089 002 192 170 066 061 000
0814 000 066 000 010 232 255 000 000 000 068 005 162 134 072 036 000
0815 000 053 000 013 255 255 000 000 006 075 014 135 103 067 043 000
0816 008 024 000 006 255 255 000 000 013 063 041 087 101 060 021 000
0817 004 007 000 012 255 255 000 000 007 065 034 057 109 055 040 000
0818 005 000 000 009 255 255 000 000 003 066 035 035 142 059 039 000
0819 000 000 000 003 255 255 000 000 017 058 030 008 153 084 023 000
0820 000 000 000 000 255 255 000 000 031 048 018 014 160 098 001 000
0821 000 000 000 000 255 255 000 000 038 038 000 002 146 072 024 000
0822 000 000 000 000 255 255 003 000 022 047 000 002 103 063 050 000
0823 000 000 000 013 255 255 009 000 010 076 000 028 139 040 060 000
0824 000 001 000 017 255 255 031 000 005 081 006 047 176 063 104 000
0825 000 000 000 035 222 255 033 000 002 112 000 027 154 059 101 000
0826 000 000 000 036 195 255 009 000 005 113 000 019 148 057 062 000
0827 000 000 000 017 158 255 000 000 028 084 000 018 144 022 034 011
0828 000 000 000 011 174 255 000 000 031 070 000 000 178 010 001 000
0829 000 000 000 000 182 255 000 000 027 037 001 000 227 004 003 000
0830 000 000 000 007 206 255 000 000 039 062 000 005 255 013 043 014
0831 000 000 000 000 204 255 009 000 042 048 016 004 255 026 061 000
0832 000 000 000 002 190 255 000 000 015 051 017 026 255 032 010 000
0833 000 000 000 001 207 255 000 000 032 048 004 028 255 054 019 000
0834 000 000 000 000 247 255 000 000 027 045 016 019 255 089 033 000
0835 001 000 000 001 255 255 003 000 015 055 026 031 255 126 054 000
0836 001 003 000 012 255 255 021 000 015 076 030 049 255 154 086 020
0837 000 006 000 000 243 255 034 000 044 042 026 057 255 163 107 001
0838 001 002 003 000 228 255 021 000 054 051 028 049 236 171 083 000
0839 014 000 006 001 237 255 017 000 059 054 050 018 255 175 076 000
0840 013 000 004 028 255 255 007 000 055 105 048 048 255 161 058 002
0841 016 012 000 027 255 255 002 000 033 100 053 071 255 131 043 000
0842 015 013 000 033 255 255 000 000 027 109 047 071 253 090 029 000
0843 021 000 000 023 255 255 026 000 001 089 057 039 186 043 091 000
0844 032 000 000 015 255 255 018 000 000 078 075 021 150 025 077 000
0845 004 000 000 026 255 255 015 000 000 097 036 001 174 029 078 000
0846 000 000 000 013 234 255 017 000 016 076 015 002 190 024 076 000
0847 000 000 000 007 164 255 021 000 032 067 006 002 225 024 083 000
0848 000 000 006 004 125 255 000 000 061 059 002 002 227 031 031 000
0849 000 000 000 012 096 255 000 000 048 083 000 004 192 046 021 013
0850 000 000 000 024 092 255 022 000 024 092 000 009 122 102 083 015
0851 000 000 000 009 055 255 014 000 008 070 000 034 128 131 071 000
0852 000 002 000 006 028 255 000 000 001 065 000 049 128 170 044 000
0853 000 007 000 017 043 255 000 000 011 081 000 059 133 188 025 000
0854 000 013 000 007 101 255 019 000 018 067 002 072 134 196 082 000
0855 000 016 000 005 202 181 025 000 025 064 000 072 139 179 092 000
0856 000 005 000 014 255 197 039 000 018 078 000 055 145 162 118 000
0857 000 000 000 017 255 255 056 000 007 083 000 036 147 167 146 000
0858 000 000 000 000 255 255 034 000 000 046 000 022 151 171 106 000
0859 000 000 000 005 239 244 003 000 000 060 003 018 158 162 052 000
0860 000 000 000 003 255 223 000 000 000 056 023 014 157 163 039 000
0861 004 000 000 010 255 254 003 000 000 071 032 011 156 162 054 000
0862 004 000 000 025 255 255 000 000 000 095 032 001 134 142 045 000
0863 000 000 000 014 255 255 000 000 000 077 012 030 094 104 037 002
0864 000 000 000 030 255 255 000 000 000 103 007 005 061 069 031 000
0865 000 000 000 037 255 255 000 000 000 117 000 003 044 073 041 012
0866 000 000 000 029 255 255 010 000 000 101 000 016 032 068 061 010
0867 000 000 000 034 255 255 013 000 000 113 000 001 048 052 069 010
0868 000 000 000 033 255 255 006 000 000 109 000 021 074 038 057 032
0869 000 000 000 041 255 255 014 000 000 126 000 010 083 049 072 033
0870 000 000 000 050 255 255 026 000 000 141 000 018 088 056 093 002
0871 000 000 000 042 255 255 033 000 000 124 000 006 109 094 106 005
0872 000 000 000 036 255 255 048 000 000 115 000 003 127 116 130 002
0873 000 000 000 034 255 255 037 000 002 111 007 010 135 182 110 000
0874 000 000 000 022 255 255 031 000 031 096 011 027 112 219 102 000
0875 000 000 000 020 255 255 030 000 028 085 000 036 085 233 101 000
0876 000 000 000 037 255 255 020 000 024 117 000 033 117 254 081 000
0877 000 000 000 039 255 255 012 000 023 126 000 031 156 255 068 000
0878 000 000 000 043 155 255 002 000 018 131 000 004 204 255 051 000
0879 000 000 000 036 217 203 000 000 020 119 000 003 245 255 047 000
0880 000 000 000 014 255 255 000 000 024 078 000 000 255 255 041 000
0881 000 000 000 000 255 255 000 000 028 051 000 005 255 255 033 003
0882 000 000 000 009 255 255 000 000 022 069 000 010 234 255 031 030
0883 000 000 000 000 255 255 000 000 005 045 000 013 194 255 040 039
0884 000 000 000 016 255 255 000 000 000 081 000 020 147 255 016 001
0885 000 000 000 002 255 255 000 000 000 057 000 046 150 232 012 000
0886 000 003 000 022 243 255 000 000 000 074 000 051 177 172 021 001
0887 000 001 000 042 240 255 000 000 000 127 024 048 189 106 018 009
0888 008 000 000 068 255 255 000 000 000 175 044 038 226 047 017 014
0889 016 000 000 064 255 255 001 000 000 163 056 041 255 048 049 000
0890 009 000 000 046 255 255 016 000 000 135 043 035 255 057 072 000
0891 000 000 000 060 255 255 016 000 000 165 029 038 255 068 074 000
0892 000 000 000 051 255 255 008 000 004 146 019 044 255 066 060 012
0893 000 004 000 053 255 255 011 000 019 151 023 056 255 064 067 039
0894 000 002 000 034 255 255 017 000 019 116 020 050 255 071 074 004
0895 000 000 000 035 255 255 006 000 008 118 028 032 255 093 055 019
0896 000 000 000 029 255 255 000 004 000 104 026 032 255 098 040 012
0897 004 000 000 016 255 255 000 000 000 083 035 036 255 086 039 007
0898 003 000 000 019 255 255 003 000 000 084 046 045 255 052 050 004
0899 001 004 000 001 255 235 000 000 000 054 028 027 255 034 041 004
0900 004 000 000 013 255 156 000 000 000 074 036 039 255 041 026 000
0901 000 000 000 004 255 115 000 000 000 058 022 034 232 057 012 000
0902 000 000 000 003 255 161 000 000 000 057 014 030 216 099 023 000
0903 000 000 000 000 255 229 000 000 000 049 000 028 215 150 018 009
0904 000 000 000 002 255 241 000 000 000 055 000 046 209 184 009 001
0905 000 001 000 000 255 248 000 000 007 034 000 049 208 204 012 002
0906 000 011 000 000 243 255 000 000 023 024 000 066 217 180 020 003
0907 000 027 000 000 175 255 000 000 000 013 000 095 211 141 003 005
0908 000 040 000 000 190 255 000 000 007 027 000 114 179 131 021 000
0909 000 046 000 000 216 255 000 000 000 018 003 124 134 126 041 000
0910 000 045 000 000 229 255 005 000 000 033 012 123 092 104 057 005
0911 000 041 000 000 225 255 016 000 009 022 018 115 053 079 079 030
0912 000 027 000 000 209 204 041 000 028 027 024 094 052 064 122 010
0913 002 016 000 000 190 146 056 000 035 030 031 072 070 087 143 000
0914 000 000 000 000 155 096 049 000 034 037 026 044 087 111 130 021
0915 000 000 000 000 135 093 040 000 015 052 008 035 125 120 115 013
0916 000 000 000 002 168 116 038 000 000 057 000 050 160 135 113 005
0917 000 027 000 002 207 179 011 000 000 051 000 094 185 164 066 009
0918 000 048 000 000 178 240 001 000 017 044 000 127 195 195 048 002
0919 000 047 000 000 146 223 002 000 024 032 000 124 216 212 048 000
0920 000 038 000 000 156 243 004 000 021 021 000 106 235 220 029 021
0921 000 011 000 000 199 248 000 000 004 024 007 068 228 221 026 034
0922 000 005 000 000 223 242 000 000 000 025 016 055 210 221 037 039
0923 000 001 000 000 231 219 002 000 000 030 029 048 193 224 052 026
0924 001 000 000 000 223 172 002 000 003 024 032 039 202 218 053 017
0925 001 000 000 000 209 142 009 000 000 017 030 038 236 198 067 036
0926 004 000 000 000 181 147 007 000 000 030 035 036 255 177 061 024
0927 009 000 000 000 129 136 022 000 000 038 043 041 255 169 089 016
0928 013 013 000 000 113 175 038 000 000 032 048 068 255 169 117 019
0929 013 018 000 000 153 177 041 000 000 048 047 076 255 164 121 025
0930 005 016 000 000 226 144 030 000 000 037 036 074 255 147 102 000
0931 000 033 000 000 227 114 010 000 000 033 021 102 243 125 067 000
0932 000 035 000 008 196 157 007 000 000 065 002 102 244 111 057 000
0933 000 026 000 023 149 175 000 000 002 092 000 089 255 102 041 000
0934 000 007 000 021 129 229 003 000 000 086 000 059 255 105 053 000
0935 000 000 000 014 157 255 012 000 000 074 000 041 255 118 069 000
0936 000 000 000 012 237 255 019 000 000 072 000 045 255 157 081 021
0937 000 000 000 016 255 255 021 000 000 080 000 033 255 182 084 030
0938 000 000 000 023 255 255 028 000 000 092 012 023 225 217 093 053
0939 000 000 000 024 255 255 013 012 007 092 010 031 218 228 069 074
0940 000 000 000 030 255 255 041 009 002 101 012 022 234 236 118 068
0941 000 000 000 032 255 255 042 013 016 107 015 030 255 254 119 073
0942 000 000 000 013 255 255 041 000 022 073 007 012 255 255 117 046
0943 000 000 000 042 255 255 037 000 039 124 000 035 255 255 114 045
0944 000 007 006 036 255 255 026 000 059 115 000 059 255 255 089 033
0945 000 011 012 043 255 255 007 000 069 126 000 068 255 233 057 000
0946 000 005 005 030 255 255 000 000 057 105 000 058 233 219 033 013
0947 000 003 000 034 255 255 000 000 038 111 003 054 199 211 046 000
0948 000 005 000 011 255 255 007 000 016 089 014 057 192 191 061 000
0949 000 001 000 012 255 254 008 015 028 072 016 049 209 159 065 000
0950 003 000 000 015 255 254 002 000 027 078 033 014 228 129 049 000
0951 008 000 000 018 255 255 000 000 037 083 044 019 235 115 017 007
0952 014 000 000 011 255 255 000 000 026 074 049 034 244 088 002 001
0953 017 000 000 014 255 255 000 000 028 077 054 046 247 107 034 008
0954 024 008 000 001 255 255 012 000 012 036 064 059 250 163 068 010
0955 026 011 000 002 255 255 025 000 037 056 070 065 253 209 091 018
0956 021 012 001 000 255 255 006 000 051 023 060 065 255 237 060 015
0957 011 008 000 001 255 255 001 000 040 047 045 058 255 255 042 007
0958 007 017 000 005 255 255 000 000 026 063 039 074 255 255 047 016
0959 000 027 000 011 255 255 003 000 000 071 013 093 248 255 051 008
0960 000 022 000 004 184 255 012 000 009 059 009 083 255 255 067 002
0961 001 010 000 010 254 255 000 000 024 070 029 059 255 255 041 000
0962 000 000 000 018 255 255 000 000 036 084 020 015 255 255 042 000
0963 000 000 000 034 255 255 000 000 049 114 016 012 255 255 035 006
0964 000 000 000 039 255 255 000 000 035 121 022 024 255 241 016 026
0965 000 000 000 038 255 255 000 000 010 119 026 037 255 202 007 014
0966 006 000 000 052 255 255 000 000 003 144 037 039 255 171 020 021
0967 002 000 000 035 255 255 000 000 018 114 033 042 211 156 028 021
0968 001 008 000 042 255 255 000 000 012 125 030 061 136 149 032 043
0969 000 009 000 034 255 255 000 000 001 110 025 063 110 155 045 027
0970 000 002 000 024 255 255 012 000 000 092 023 051 108 181 069 006
0971 000 000 000 023 255 255 027 000 012 090 022 033 128 196 098 007
0972 001 006 000 016 255 255 044 000 019 079 033 058 181 210 127 014
0973 007 024 000 019 255 255 056 000 020 086 041 089 227 203 150 016
0974 000 034 000 019 255 255 054 000 014 087 030 104 247 180 145 000
0975 004 042 000 020 255 248 041 000 017 086 037 121 250 153 121 000
0976 000 060 000 024 255 231 025 000 030 094 028 155 236 124 094 007
0977 000 069 000 024 255 211 010 000 010 097 019 169 222 108 063 006
0978 000 058 000 028 255 206 018 000 010 101 029 150 223 106 079 003
0979 000 051 000 023 255 197 016 000 010 092 023 135 245 101 075 000
0980 000 034 000 022 255 209 006 000 014 090 018 100 255 101 060 000
0981 000 013 000 029 255 255 002 000 008 105 009 065 255 122 045 000
0982 000 000 000 016 255 255 000 000 012 081 004 039 255 136 022 000
0983 000 005 000 028 255 255 000 000 000 098 000 058 255 141 036 000
0984 000 028 000 041 255 255 011 000 000 124 000 094 255 145 067 000
0985 000 044 000 049 255 255 021 000 000 139 000 120 255 139 088 005
0986 000 035 000 045 253 255 019 000 000 132 005 106 255 131 080 013
0987 000 020 000 050 250 255 020 000 000 144 000 078 255 138 081 000
0988 000 007 000 056 253 255 012 000 012 152 000 056 203 147 069 007
0989 000 003 000 041 255 255 003 000 013 128 001 053 132 166 053 012
0990 000 000 000 030 255 178 000 000 004 105 000 045 077 182 034 006
0991 000 000 000 049 255 072 000 000 000 140 002 042 093 189 035 012
0992 000 000 000 056 255 166 008 000 000 152 008 035 116 182 067 001
0993 000 000 000 052 255 167 024 000 000 145 007 026 162 173 103 005
0994 000 000 000 057 255 166 004 000 000 151 018 039 208 156 056 016
0995 000 000 000 057 255 255 026 000 000 152 020 046 227 155 091 017
0996 000 002 000 051 255 255 017 000 000 143 003 049 239 153 077 019
0997 000 000 000 042 255 255 025 000 000 125 000 043 222 129 090 021
0998 000 000 000 063 255 255 023 000 000 170 006 032 182 103 086 010
0999 000 000 000 043 255 255 018 000 000 125 025 043 161 061 080 020
1000 000 002 000 039 255 163 011 000 000 121 023 051 132 080 064 028
1001 000 013 000 045 255 235 000 000 000 134 013 069 111 080 048 005
1002 000 017 000 052 255 255 011 000 028 145 011 076 097 126 069 005
1003 000 013 003 078 255 255 032 000 057 188 000 070 091 197 105 010
1004 000 006 028 088 255 255 036 000 098 208 000 056 088 235 110 001
1005 000 006 042 092 255 255 027 000 123 214 000 057 100 230 093 005
1006 000 006 046 092 255 255 026 000 130 217 000 057 140 203 093 012
1007 000 000 030 083 255 255 016 000 101 201 000 042 193 148 074 006
1008 000 009 005 094 255 255 006 000 057 213 000 062 251 122 054 016
1009 000 027 000 067 255 255 004 000 021 167 000 092 255 145 062 016
1010 000 034 000 060 255 255 002 000 000 158 000 108 255 196 052 024
1011 000 032 000 029 255 255 003 000 013 104 000 104 255 248 051 014
1012 000 042 000 028 255 255 024 000 031 100 000 122 255 255 088 035
1013 000 040 003 031 255 255 034 000 053 109 006 118 255 255 108 030
1014 000 042 000 048 255 255 035 000 045 136 020 123 255 255 107 025
1015 000 047 012 069 255 255 028 000 069 179 015 130 255 255 096 028
1016 000 038 009 087 255 255 026 000 067 208 000 113 255 255 093 036
1017 000 043 000 083 255 255 018 000 043 200 000 123 255 255 080 036
1018 000 036 000 092 255 255 008 000 017 218 000 111 255 255 061 015
1019 000 024 000 067 255 255 000 000 009 173 000 090 193 255 043 014
1020 000 018 000 090 255 255 011 000 018 217 000 078 135 255 068 025
1021 000 009 001 111 255 255 001 000 052 249 000 064 132 255 049 005
1022 000 000 014 101 255 209 004 000 075 228 006 044 196 255 054 000
1023 000 000 012 115 255 255 023 000 071 243 018 044 235 255 085 000
1024 000 000 003 121 255 255 000 000 054 248 021 042 243 255 036 005
