0000 07-07-77 08:28:07 +25C 65535   325   16   5 Ê24
0001 000 076 000 006 104 255 001 012 000 061 000 176 046 111 051 074
0002 000 078 000 002 113 255 000 018 000 054 000 183 046 112 046 084
0003 000 073 000 000 104 255 010 008 005 034 008 168 125 068 071 069
0004 007 048 034 000 255 255 020 020 108 052 040 129 160 069 085 090
0005 022 030 041 000 255 157 021 020 120 027 061 106 169 077 087 088
0006 037 035 037 000 255 096 013 016 113 047 084 111 169 063 069 079
0007 036 038 038 008 255 255 002 012 115 064 082 116 147 052 052 077
0008 026 040 020 000 255 255 004 000 084 033 068 111 122 075 056 041
0009 024 031 000 000 255 255 019 004 048 004 063 098 150 104 081 062
0010 036 011 000 000 255 255 015 005 041 000 082 061 201 155 072 060
0011 053 005 000 000 255 255 000 000 042 011 107 055 224 203 040 053
0012 058 019 000 000 255 255 000 000 022 032 114 079 225 234 034 037
0013 061 024 000 000 255 255 000 000 034 031 118 087 195 246 032 005
0014 063 024 014 000 255 255 019 000 075 030 120 088 120 248 057 000
0015 061 026 043 000 255 255 029 000 126 028 119 090 097 217 099 000
0016 052 028 051 000 255 255 022 000 140 021 107 092 081 180 086 000
0017 049 012 033 000 255 255 011 000 107 009 102 066 063 145 066 000
0018 039 000 031 000 255 255 022 000 102 015 087 038 061 115 086 000
0019 030 000 025 000 255 255 026 000 091 025 074 026 082 093 093 001
0020 021 000 027 002 255 255 034 000 093 051 059 030 100 090 107 012
0021 010 000 027 000 214 255 042 000 098 023 042 033 134 084 121 003
0022 000 000 026 000 184 255 040 000 094 028 026 028 135 092 117 000
0023 000 000 022 000 194 255 032 000 089 021 025 024 119 124 105 017
0024 000 000 000 000 218 255 029 000 044 020 023 013 071 188 097 020
0025 000 000 000 000 228 255 038 000 015 030 006 027 050 204 113 014
0026 000 000 000 001 238 255 035 000 026 048 000 034 059 186 109 010
0027 000 000 000 012 218 255 022 000 040 072 000 029 083 169 085 024
0028 000 000 000 028 179 255 006 000 037 098 000 045 186 129 060 006
0029 000 008 000 015 164 255 006 000 046 080 000 060 221 102 061 000
0030 000 025 000 004 178 255 006 000 037 058 000 089 229 076 060 000
0031 000 011 000 000 223 255 023 000 033 037 000 064 231 065 090 014
0032 000 013 000 000 205 255 028 000 011 000 022 060 215 053 096 038
0033 004 011 000 000 145 254 030 007 001 045 036 067 167 030 100 054
0034 000 014 000 005 115 136 040 000 027 060 026 071 119 023 114 044
0035 000 021 000 008 103 073 044 000 027 067 015 082 092 017 120 044
0036 001 016 000 021 116 153 047 000 025 089 030 075 079 018 128 033
0037 000 009 000 030 195 249 046 000 022 105 030 062 092 013 126 031
0038 008 006 000 032 255 255 034 000 032 108 044 058 090 017 107 027
0039 021 008 000 030 255 255 027 000 045 106 062 061 083 036 093 028
0040 028 018 000 014 255 255 024 000 045 078 071 078 061 060 087 024
0041 027 029 000 000 255 231 018 005 040 007 070 096 034 093 079 025
0042 026 034 000 000 255 161 010 000 029 000 068 108 005 133 064 008
0043 017 029 000 000 255 136 012 000 032 016 053 097 007 139 069 009
0044 028 023 000 000 255 147 002 000 045 022 055 084 012 143 051 010
0045 000 003 008 000 255 118 000 000 067 029 027 052 027 144 043 002
0046 000 000 008 000 227 085 000 000 064 012 018 039 037 140 026 009
0047 000 006 000 000 167 056 002 000 048 030 000 057 056 152 051 011
0048 000 000 000 000 135 104 009 000 034 037 000 029 063 158 065 016
0049 000 000 000 000 151 209 012 000 017 050 000 020 048 148 070 014
0050 000 000 000 000 180 255 009 000 026 042 001 017 086 141 047 002
0051 000 000 002 000 218 255 007 000 053 045 001 009 140 127 063 008
0052 000 009 011 000 255 255 020 000 068 036 004 065 192 088 084 000
0053 000 033 014 000 255 201 019 000 072 044 006 102 183 054 081 000
0054 000 045 009 004 240 129 027 000 063 058 014 123 135 029 093 000
0055 001 042 000 002 214 086 024 000 039 051 033 117 075 065 089 004
0056 013 027 000 001 188 113 027 000 029 052 051 095 082 068 093 029
0057 012 020 000 000 177 155 034 000 026 026 048 079 148 078 110 048
0058 001 006 000 000 192 201 045 000 019 029 029 054 191 103 124 038
0059 000 000 000 000 212 251 046 000 029 019 019 034 186 119 126 028
0060 000 002 000 000 240 255 051 000 040 002 009 049 154 108 137 035
0061 000 025 000 000 244 255 048 000 048 000 001 088 115 097 131 039
0062 000 041 013 000 237 255 034 000 071 000 000 115 074 062 105 045
0063 000 036 011 000 211 255 013 002 069 000 001 105 063 038 067 057
0064 000 018 007 000 184 255 022 000 060 002 012 076 078 080 087 041
0065 001 000 007 000 157 242 031 002 062 036 019 038 093 138 099 008
0066 000 000 000 000 128 124 035 000 046 035 019 016 131 185 107 000
0067 001 000 000 000 100 112 058 000 028 050 034 011 218 208 148 000
0068 009 000 000 000 165 124 048 000 007 037 045 034 255 189 128 000
0069 004 018 000 000 230 131 029 000 000 026 034 081 255 155 098 000
0070 000 037 000 000 255 071 014 000 007 023 029 113 255 117 072 010
0071 000 039 000 000 251 029 021 000 035 020 026 115 255 114 083 012
0072 003 017 010 000 224 080 020 000 065 000 033 077 255 117 083 000
0073 004 011 025 000 255 199 019 000 094 002 034 065 219 118 082 014
0074 004 011 025 000 255 249 026 000 096 009 035 067 158 112 093 024
0075 002 000 026 000 255 245 029 000 095 000 031 041 105 097 097 025
0076 000 000 001 000 247 255 017 000 046 000 013 025 071 109 075 012
0077 000 000 000 000 197 255 000 000 009 004 016 037 085 154 039 025
0078 000 014 004 000 204 255 000 000 059 007 000 072 086 207 031 034
0079 000 034 007 000 221 255 000 000 062 017 000 109 090 222 025 029
0080 000 052 020 000 244 255 000 000 088 006 000 139 112 211 035 039
0081 000 057 026 000 255 255 000 000 097 006 000 149 146 193 046 019
0082 000 057 012 000 255 255 000 000 070 000 003 148 169 183 031 007
0083 000 043 013 000 255 255 001 000 071 017 011 118 183 179 050 002
0084 000 037 025 001 255 255 008 000 093 054 007 108 174 163 063 000
0085 000 027 042 000 255 255 004 000 123 046 006 091 170 125 055 025
0086 000 016 066 000 255 255 008 000 164 042 000 072 195 087 062 015
0087 000 014 077 000 255 255 000 000 184 036 000 076 216 069 044 025
0088 000 033 093 000 255 255 000 000 210 007 010 106 216 076 043 028
0089 000 061 079 000 255 255 000 000 184 000 014 158 192 106 043 011
0090 000 090 047 000 255 255 000 000 128 000 013 206 171 129 042 008
0091 000 091 008 000 255 255 007 000 061 011 017 206 145 112 060 011
0092 000 083 008 000 255 255 019 000 063 022 024 187 128 098 081 019
0093 001 056 011 000 255 255 020 000 066 000 035 140 134 091 083 008
0094 000 033 009 000 255 255 017 000 066 000 024 102 156 084 077 020
0095 000 000 004 000 255 255 031 000 057 015 005 022 178 082 104 006
0096 000 000 000 000 255 230 053 000 042 033 004 009 193 083 141 001
0097 000 000 000 000 255 172 066 000 051 022 015 036 222 084 167 015
0098 000 003 001 000 255 132 081 000 053 000 013 051 243 073 188 014
0099 000 009 001 000 255 122 083 000 051 030 010 063 255 059 191 016
0100 000 031 002 000 255 171 064 000 051 023 007 102 255 049 157 014
0101 000 034 002 000 255 191 041 000 053 039 024 106 255 058 119 017
0102 000 031 004 000 255 215 019 000 056 017 003 103 255 069 083 000
0103 000 031 004 000 255 235 015 000 055 020 005 101 231 066 072 003
0104 000 024 006 000 255 241 000 000 060 026 025 091 196 062 044 000
0105 009 006 008 000 255 218 010 000 063 046 048 058 155 066 066 000
0106 019 000 009 000 255 255 024 000 066 035 056 036 144 084 090 000
0107 012 000 006 000 255 255 031 000 060 025 048 029 149 103 103 001
0108 005 000 007 000 255 255 026 000 062 034 037 022 154 130 093 001
0109 000 000 004 000 255 255 024 000 059 004 017 016 141 161 088 000
0110 000 001 010 000 255 255 014 000 066 011 007 051 125 175 073 006
0111 014 025 027 000 255 255 014 000 098 008 052 088 099 190 073 000
0112 039 027 031 000 255 255 026 000 102 021 089 090 076 201 094 000
0113 048 028 036 000 255 255 019 000 111 028 101 093 051 187 080 000
0114 052 030 025 000 255 255 003 000 091 038 103 095 042 146 057 000
0115 037 027 003 000 255 255 005 000 055 042 079 094 049 122 059 018
0116 012 017 006 000 255 255 004 000 060 041 045 074 069 107 057 000
0117 000 007 020 000 255 255 000 000 084 017 027 058 079 103 042 000
0118 000 000 036 000 255 255 005 000 112 016 018 033 077 112 056 000
0119 000 000 052 000 255 255 009 000 140 002 013 021 075 118 064 000
0120 000 000 061 000 255 239 005 000 156 011 023 000 068 103 058 000
0121 001 000 061 000 255 255 005 000 159 016 032 000 072 083 058 000
0122 002 000 061 000 255 255 002 000 157 008 030 029 080 103 052 000
0123 002 012 055 000 255 255 013 000 145 001 032 068 080 102 071 000
0124 003 012 043 000 255 255 016 000 122 002 032 066 084 086 077 000
0125 000 000 045 000 229 255 018 000 126 021 013 032 086 075 077 000
0126 000 000 050 000 255 255 005 000 136 003 009 030 073 074 059 000
0127 000 000 063 000 255 255 000 000 158 000 010 033 058 087 036 000
0128 000 014 064 000 255 255 000 000 159 000 013 072 064 101 033 000
0129 000 033 048 000 255 255 009 000 131 000 024 102 068 095 064 000
0130 004 049 039 000 255 255 021 000 117 000 036 129 070 081 082 005
0131 000 047 038 000 255 255 025 000 113 000 023 125 059 073 091 016
0132 000 040 022 000 255 255 026 000 086 000 008 114 092 071 090 012
0133 000 029 009 000 255 255 018 000 064 000 016 095 146 080 079 007
0134 000 024 008 000 255 255 015 000 063 000 014 092 186 093 073 001
0135 000 034 000 000 255 139 008 000 045 007 006 107 212 097 061 000
0136 000 038 000 000 255 078 008 000 033 022 000 115 221 094 063 006
0137 000 035 000 000 255 164 016 000 026 019 000 109 215 088 080 010
0138 000 041 000 000 255 254 035 000 032 020 021 114 196 089 112 000
0139 008 040 000 001 255 255 036 000 043 048 042 113 177 100 112 000
0140 003 043 003 000 255 255 039 000 055 050 036 120 159 130 119 000
0141 012 049 008 000 255 255 023 000 063 028 049 130 141 143 090 016
0142 005 060 001 000 255 255 024 000 049 033 038 155 120 142 093 013
0143 000 074 000 000 255 241 041 000 039 020 026 179 092 137 123 012
0144 000 085 000 000 255 233 033 000 024 026 010 193 083 138 104 034
0145 000 094 000 000 255 255 011 000 015 028 000 206 114 145 066 017
0146 000 088 000 000 255 255 009 000 017 007 000 196 159 149 064 022
0147 000 072 000 000 255 255 002 000 045 007 000 165 202 139 048 018
0148 000 044 024 000 190 255 000 000 092 001 008 119 228 130 032 033
0149 000 024 038 000 212 255 014 000 118 025 025 085 244 133 076 026
0150 009 012 037 000 255 255 037 000 116 039 042 067 208 114 112 016
0151 009 008 018 000 255 255 041 000 082 044 044 061 149 083 117 012
0152 004 015 002 000 255 255 039 000 049 040 037 076 145 075 116 021
0153 005 026 000 000 255 255 016 000 016 036 048 093 185 124 072 036
0154 014 015 000 000 255 255 006 000 027 022 052 074 210 161 058 054
0155 039 000 000 000 255 255 000 010 044 006 093 026 207 188 049 075
0156 041 000 000 000 255 255 000 005 048 000 088 000 169 193 036 063
0157 036 000 000 000 255 255 000 000 043 000 082 004 131 195 029 025
0158 027 000 003 000 255 255 000 000 055 000 071 007 121 193 021 023
0159 033 000 009 000 200 255 000 006 066 000 080 042 121 182 000 050
0160 048 007 023 000 095 255 000 014 088 000 106 058 093 162 008 076
0161 056 005 037 000 159 255 000 003 112 000 113 055 039 145 009 059
0162 047 000 037 000 178 255 000 001 111 000 099 031 053 128 012 054
0163 029 000 031 000 222 255 000 003 102 000 071 000 128 108 013 060
0164 025 000 024 000 249 255 000 000 090 001 068 000 177 098 017 050
0165 025 000 023 000 255 255 000 000 089 017 067 000 188 105 027 041
0166 027 000 007 000 236 255 000 000 060 023 071 000 189 118 020 038
0167 038 000 000 000 179 255 000 005 034 039 085 000 220 131 016 037
0168 038 000 000 000 167 255 000 000 024 028 085 000 191 140 033 017
0169 027 000 000 000 145 255 000 000 037 046 069 000 174 149 007 025
0170 014 000 000 000 151 255 000 000 031 044 048 000 171 146 010 026
0171 003 000 000 000 186 255 000 000 029 026 032 000 174 145 010 011
0172 000 000 000 000 238 255 000 000 017 007 031 000 172 131 015 010
0173 000 000 000 000 255 255 000 000 008 000 015 000 156 127 000 000
0174 000 000 000 000 255 255 000 000 013 000 005 000 180 141 000 000
0175 000 000 000 000 255 255 000 000 010 000 013 000 189 154 000 000
0176 000 000 000 000 236 255 000 000 022 000 021 004 181 161 014 002
0177 000 000 000 000 171 255 000 000 032 000 021 014 187 165 011 006
0178 000 000 000 000 196 255 000 000 026 010 026 016 189 162 000 001
0179 000 000 000 000 255 255 000 000 018 004 004 006 159 182 000 000
0180 013 000 000 000 255 242 000 000 020 000 007 000 163 198 001 004
0181 000 000 000 000 255 158 000 000 025 001 032 000 138 196 007 002
0182 013 000 000 000 255 161 000 000 007 014 052 000 124 177 000 000
0183 012 000 000 000 255 242 000 000 000 000 050 000 088 167 000 000
0184 014 000 000 000 255 255 000 000 000 000 050 000 045 184 000 032
0185 000 000 000 000 255 255 000 000 000 000 020 000 000 213 000 000
0186 000 000 000 000 255 255 000 000 000 007 010 000 000 229 000 000
0187 000 000 000 000 255 255 000 000 000 000 005 000 000 238 000 000
0188 000 000 000 000 255 255 000 000 020 000 011 000 000 226 000 000
0189 000 000 000 000 255 255 000 000 035 007 023 000 000 230 011 000
0190 005 000 000 000 255 255 000 000 045 007 038 000 016 233 000 000
0191 014 000 000 000 255 255 000 000 044 018 054 000 026 231 000 000
0192 006 000 000 000 255 255 000 011 028 028 038 000 036 233 003 000
0193 000 000 000 000 255 255 000 000 038 003 022 000 031 235 009 000
0194 000 000 000 000 255 255 000 000 039 001 008 000 009 254 004 010
0195 000 000 000 000 255 255 000 000 038 000 002 000 014 255 004 000
0196 000 000 000 000 255 255 000 000 041 000 005 000 035 255 021 000
0197 000 000 000 000 248 255 000 000 026 000 007 000 067 255 022 000
0198 000 000 000 000 200 255 000 000 005 016 000 000 120 255 037 000
0199 000 000 000 000 203 255 000 000 004 000 001 000 142 255 038 000
0200 000 000 000 000 244 255 002 000 030 000 017 007 181 255 052 000
0201 000 000 002 000 249 255 000 000 053 000 023 025 166 255 033 005
0202 000 000 005 000 228 255 000 000 057 000 025 044 168 255 033 008
0203 000 000 004 000 183 255 003 000 054 021 015 011 144 255 054 000
0204 000 000 005 000 148 255 010 000 057 020 000 000 168 242 064 002
0205 000 000 001 000 121 254 010 000 052 008 000 021 200 221 067 000
0206 000 012 000 000 106 214 012 000 030 018 000 069 156 194 067 026
0207 000 000 000 000 131 198 012 000 030 006 000 026 123 171 067 000
0208 000 000 000 000 214 176 007 000 018 000 000 006 142 160 059 000
0209 000 000 000 000 255 155 009 000 019 000 000 019 156 157 064 000
0210 000 000 000 000 255 165 009 000 041 000 000 036 154 148 063 023
0211 000 002 008 000 255 255 008 000 062 002 000 047 157 146 062 016
0212 000 000 007 000 255 255 000 000 062 017 017 028 154 147 031 023
0213 005 000 000 000 255 255 000 000 050 053 040 033 199 179 029 003
0214 012 003 000 001 255 255 000 000 022 033 048 048 226 202 030 016
0215 014 003 000 007 229 255 001 000 000 068 049 052 255 200 047 039
0216 000 000 000 014 226 255 002 000 001 079 024 040 255 181 048 027
0217 000 003 000 020 255 255 000 000 003 091 003 054 255 146 041 029
0218 000 019 000 021 255 237 000 000 011 091 002 079 255 114 033 024
0219 000 019 000 010 255 158 000 000 032 068 000 079 233 090 040 006
0220 011 000 011 000 255 087 000 000 069 029 050 030 188 087 042 000
0221 058 000 026 000 255 164 000 000 096 050 118 001 214 117 045 001
0222 064 000 028 001 255 252 000 000 101 054 127 003 255 152 028 012
0223 071 000 031 026 255 255 000 000 102 097 136 037 255 188 034 000
0224 067 016 018 028 255 255 000 000 081 103 131 074 255 205 044 016
0225 053 041 011 036 255 252 000 000 067 116 110 119 255 206 032 026
0226 028 049 013 036 255 236 000 000 071 115 071 136 255 204 021 051
0227 007 015 012 022 255 255 000 003 068 090 040 075 255 219 014 057
0228 000 024 008 000 255 255 000 006 064 046 007 090 255 232 015 070
0229 000 025 006 000 255 255 000 007 060 034 000 093 255 235 000 063
0230 000 025 000 000 255 236 000 003 028 046 000 090 203 174 015 061
0231 000 012 000 000 255 203 000 008 017 042 009 069 154 097 034 065
0232 002 002 000 011 255 224 001 009 024 071 032 047 123 056 034 068
0233 011 000 000 001 255 255 000 010 010 043 046 015 082 092 031 068
0234 000 000 000 000 255 255 000 000 000 025 029 029 067 126 044 037
0235 000 000 000 000 232 255 010 000 000 044 015 031 094 133 063 049
0236 000 000 000 004 255 255 022 000 000 057 022 017 107 122 063 039
0237 000 000 000 000 255 255 003 000 000 035 028 024 089 114 056 039
0238 003 000 000 010 255 255 000 000 000 068 035 019 096 129 045 024
0239 005 000 000 000 255 255 000 000 000 041 037 035 105 165 018 014
0240 000 000 000 011 255 255 000 000 000 074 023 032 125 189 009 010
0241 000 000 000 016 255 255 000 000 007 081 022 031 135 218 027 000
0242 000 002 000 000 255 255 000 000 000 018 015 051 139 255 024 010
0243 000 013 000 000 227 255 000 000 000 018 008 068 185 255 025 025
0244 000 000 000 000 167 255 000 000 000 016 020 047 241 255 010 041
0245 000 000 000 000 183 255 000 000 003 021 023 045 255 255 013 038
0246 000 006 000 000 255 255 000 000 030 020 000 057 255 255 026 022
0247 000 004 000 000 255 255 000 000 036 029 000 055 255 255 047 043
0248 000 004 002 000 255 255 000 000 053 018 000 056 255 255 039 003
0249 000 002 008 000 255 221 000 000 063 033 010 052 255 253 039 007
0250 000 000 006 000 255 200 000 000 059 029 011 043 255 219 038 009
0251 000 000 001 002 255 204 000 000 050 055 006 034 240 191 032 008
0252 000 000 000 000 255 244 000 000 025 042 008 035 218 154 034 006
0253 000 000 000 000 255 253 000 000 038 042 022 019 202 126 018 019
0254 004 000 000 000 255 231 000 000 035 047 039 020 221 098 008 031
0255 012 000 000 000 255 189 002 000 011 040 049 019 255 081 055 037
0256 007 000 000 000 255 163 020 000 000 040 038 019 255 106 084 018
0257 000 000 000 000 255 103 015 000 000 039 024 000 255 149 073 032
0258 000 000 000 000 255 104 013 005 000 024 030 017 255 206 073 061
0259 000 005 000 000 255 120 021 002 000 037 027 057 255 245 082 058
0260 000 033 000 000 255 119 009 007 000 045 020 102 224 255 064 065
0261 000 036 000 000 255 152 002 012 000 011 016 106 181 255 052 074
0262 000 026 000 000 255 254 003 009 000 016 016 092 182 255 052 070
0263 000 028 000 000 255 255 003 007 000 037 011 093 186 255 055 067
0264 000 038 000 000 255 255 022 004 000 052 011 116 241 255 086 057
0265 007 036 000 000 255 255 022 000 000 050 015 110 255 255 084 048
0266 000 027 000 000 255 218 021 007 010 039 015 094 255 255 086 055
0267 000 016 000 000 224 087 013 007 033 022 003 071 255 255 074 066
0268 000 009 000 000 121 163 003 005 041 012 001 061 255 255 052 062
0269 000 004 000 000 099 255 000 000 048 003 000 054 255 255 046 048
0270 000 008 000 000 253 255 000 002 037 018 000 062 255 255 046 057
0271 000 018 000 000 255 255 000 005 033 020 000 078 255 243 044 061
0272 000 011 000 000 255 255 000 016 010 027 000 064 233 223 044 081
0273 000 000 000 000 255 255 000 015 000 032 012 031 195 186 022 080
0274 000 000 000 000 255 255 000 000 029 038 012 025 177 156 006 045
0275 000 000 016 000 255 244 000 000 080 031 005 032 186 106 004 013
0276 000 006 029 000 255 178 000 000 104 026 000 058 194 064 008 002
0277 000 006 025 000 255 147 000 000 094 029 000 057 185 062 001 009
0278 000 002 019 000 255 118 013 000 084 015 000 049 175 074 015 025
0279 000 000 013 000 255 131 000 000 073 025 000 031 160 099 041 033
0280 000 000 016 000 255 134 001 000 077 031 008 032 155 133 050 041
0281 000 000 015 000 255 136 000 000 074 039 011 029 169 172 025 035
0282 000 000 018 000 255 139 000 000 083 027 006 022 190 190 027 025
0283 000 000 033 000 255 169 000 000 108 052 000 007 198 206 030 036
0284 000 000 023 000 255 189 000 000 091 030 000 010 234 213 023 039
0285 000 000 016 000 254 197 000 000 076 026 000 035 255 204 023 045
0286 000 000 003 000 255 241 000 004 053 028 000 040 255 186 037 047
0287 000 017 000 000 255 255 000 015 014 046 000 076 255 177 033 044
0288 000 012 000 007 255 255 000 000 029 064 000 065 249 165 034 026
0289 000 009 000 000 237 255 000 000 027 046 000 046 172 165 019 044
0290 000 000 006 001 255 253 000 000 060 054 007 035 157 170 019 014
0291 000 000 034 000 255 228 000 000 112 040 007 024 193 180 018 015
0292 000 000 035 000 255 141 000 000 108 035 004 029 241 189 019 020
0293 000 000 015 000 255 187 000 000 073 028 009 040 255 176 034 005
0294 000 000 000 000 255 255 000 000 042 011 009 033 244 136 018 015
0295 000 000 000 000 255 255 000 000 020 001 000 022 206 095 019 036
0296 000 005 000 000 243 255 000 000 011 000 000 053 177 066 015 040
0297 000 015 000 000 240 255 000 001 009 000 018 070 168 063 018 056
0298 000 022 000 000 206 255 000 003 028 014 000 083 208 047 043 058
0299 000 024 021 000 214 255 000 000 090 018 012 080 255 083 042 038
0300 000 023 023 000 230 255 015 000 092 009 014 086 255 130 073 046
0301 000 024 021 000 255 255 018 000 084 021 010 085 255 156 080 030
0302 000 015 009 006 255 255 015 000 063 061 016 071 255 166 072 025
0303 000 008 032 050 255 255 007 000 108 142 010 059 246 156 059 020
0304 000 000 085 098 255 255 000 000 204 225 000 033 180 157 045 029
0305 000 000 136 143 255 255 000 000 255 255 000 014 138 173 016 033
0306 000 000 189 179 255 243 000 000 255 255 000 009 110 179 022 017
0307 000 000 252 216 255 197 000 000 255 255 000 015 101 182 007 032
0308 000 000 255 217 255 179 000 000 255 255 000 013 121 185 010 035
0309 000 000 255 228 255 210 002 000 255 255 000 000 177 167 022 024
0310 000 000 255 199 255 219 000 000 255 255 000 017 226 158 038 010
0311 000 000 248 166 255 211 000 000 255 255 014 016 255 151 034 000
0312 002 000 197 116 255 212 000 000 255 252 034 018 255 133 016 006
0313 004 000 146 079 255 198 000 000 255 192 038 031 253 116 026 011
0314 005 001 106 052 255 206 000 000 230 143 038 031 221 098 042 020
0315 000 000 065 024 255 217 010 000 160 091 030 020 203 121 067 037
0316 000 000 031 007 255 249 030 000 101 064 012 022 186 114 098 041
0317 000 000 009 005 255 255 036 000 063 059 001 034 172 090 110 046
0318 000 009 003 000 255 246 051 000 054 040 000 062 169 105 137 048
0319 000 009 000 000 255 253 077 000 046 026 000 061 162 130 183 054
0320 000 000 000 000 255 229 092 000 048 030 010 028 162 157 209 053
0321 000 002 000 000 255 200 072 000 030 047 014 048 181 165 174 030
0322 003 008 000 000 255 249 048 005 046 033 036 060 200 179 131 061
0323 000 010 014 000 255 255 021 003 074 051 031 064 201 187 085 059
0324 012 000 022 003 255 255 027 000 087 057 029 038 176 185 101 052
0325 000 011 022 005 255 255 043 000 087 061 030 065 120 171 124 037
0326 001 011 012 015 255 255 032 000 070 080 031 065 070 159 106 025
0327 000 006 020 015 255 255 030 000 083 085 028 055 062 156 099 001
0328 000 000 012 000 255 255 001 000 069 030 020 010 076 175 049 010
0329 000 000 001 000 255 255 000 000 050 011 012 003 139 193 044 001
0330 000 000 015 000 255 255 000 000 077 007 006 019 213 208 025 004
0331 000 000 012 000 255 255 000 000 070 013 002 032 254 201 022 005
0332 000 000 000 000 255 255 000 000 041 006 000 043 255 194 009 022
0333 000 001 000 000 255 255 000 000 035 016 000 046 255 181 028 039
0334 002 002 013 000 234 255 000 000 072 026 000 051 255 157 049 045
0335 000 003 030 000 255 255 002 002 104 040 001 057 255 122 051 056
0336 000 024 035 000 255 255 000 000 110 029 000 089 254 087 044 017
0337 000 044 033 000 255 255 007 000 106 038 000 123 244 066 061 040
0338 000 056 024 000 255 255 007 000 090 006 000 139 196 045 061 044
0339 000 058 018 000 255 255 000 000 079 006 000 143 169 041 040 044
0340 000 049 012 000 255 255 000 003 069 016 022 127 158 052 030 062
0341 002 034 015 000 255 255 007 003 075 015 036 101 148 084 060 059
0342 012 002 036 004 255 255 009 013 113 060 051 046 132 118 062 074
0343 012 000 046 000 255 252 008 012 129 034 050 017 132 122 063 075
0344 010 000 046 000 255 215 008 005 128 031 047 043 130 121 061 066
0345 009 006 022 000 255 131 012 003 087 030 043 056 115 118 072 059
0346 012 008 000 000 255 069 043 000 036 032 046 065 103 124 120 015
0347 004 034 000 000 255 145 056 000 016 048 035 107 122 115 143 016
0348 000 051 000 000 255 233 036 000 014 040 014 135 138 092 113 026
0349 000 071 000 000 255 255 038 000 020 011 000 172 143 065 113 027
0350 000 087 000 000 255 255 025 000 018 013 000 196 153 036 090 020
0351 000 095 000 000 255 255 014 000 001 039 000 209 170 007 073 006
0352 000 089 000 000 255 255 029 000 004 031 000 204 186 000 100 015
0353 000 093 000 005 255 219 029 000 031 063 000 204 185 000 094 028
0354 000 084 001 000 255 111 007 000 051 032 015 187 163 012 056 022
0355 003 064 007 000 255 161 000 000 060 032 035 155 126 019 039 000
0356 003 036 005 000 255 244 000 000 057 033 036 106 075 032 045 000
0357 000 016 000 000 253 255 000 000 048 037 029 071 049 073 041 000
0358 000 002 000 000 187 217 000 000 031 027 027 049 060 109 033 000
0359 002 002 000 000 136 156 000 000 029 022 032 051 072 132 016 001
0360 000 000 000 000 155 124 000 000 034 030 020 041 062 144 000 019
0361 000 000 000 000 146 070 000 000 018 026 019 015 065 134 008 019
0362 000 000 000 000 151 040 000 000 012 014 010 014 078 101 010 024
0363 000 000 000 005 195 083 000 000 018 060 003 009 123 111 007 027
0364 000 000 000 000 145 113 000 000 015 034 018 000 157 143 000 045
0365 000 000 000 002 109 173 000 000 019 057 013 035 158 166 000 026
0366 000 000 000 006 094 228 000 000 007 062 015 043 170 199 007 032
0367 000 000 000 000 181 214 000 000 013 016 028 046 194 222 005 024
0368 000 000 000 000 250 217 000 000 001 002 027 038 207 231 005 024
0369 000 000 000 000 255 232 000 000 011 032 011 031 205 219 011 015
0370 000 000 000 000 255 226 003 000 030 000 012 025 175 217 053 000
0371 000 000 000 000 255 255 010 000 046 000 011 020 129 212 066 003
0372 000 000 000 000 255 255 006 000 046 000 006 017 093 221 056 032
0373 000 000 000 000 255 255 017 012 049 008 000 009 092 249 079 071
0374 000 000 004 000 255 255 044 027 056 001 009 022 135 255 130 087
0375 000 000 000 000 255 255 061 028 041 017 000 040 170 255 159 103
0376 000 000 001 000 255 255 055 036 051 009 000 041 193 255 148 118
0377 000 000 003 000 255 255 039 025 056 011 000 034 205 255 116 097
0378 000 000 000 000 255 255 010 022 045 000 012 025 220 255 065 094
0379 000 000 000 000 255 255 000 014 040 000 029 008 238 255 033 077
0380 003 000 000 000 255 255 000 004 047 000 032 021 255 255 009 061
0381 002 000 008 000 255 255 000 009 063 005 030 047 255 255 026 071
0382 002 002 024 000 255 255 000 015 090 008 032 049 255 255 039 080
0383 004 007 023 000 255 255 011 012 087 030 036 058 255 255 067 079
0384 001 005 010 003 255 255 019 024 065 053 031 052 255 255 082 095
0385 001 000 000 000 255 255 029 000 038 023 030 044 255 255 096 041
0386 001 000 000 000 255 255 029 000 013 045 031 024 255 255 099 018
0387 000 000 000 002 167 255 020 000 000 051 022 016 245 255 081 042
0388 000 000 000 000 117 255 001 000 000 022 029 034 249 211 046 037
0389 000 000 000 000 153 255 000 002 008 042 027 031 255 139 029 058
0390 000 005 000 002 251 255 000 004 012 055 023 058 255 085 015 058
0391 000 012 000 018 255 227 002 002 000 083 010 066 255 054 024 059
0392 000 026 000 015 255 228 006 000 005 078 000 091 255 040 035 042
0393 000 029 000 017 255 223 000 000 000 081 000 093 255 050 045 052
0394 000 015 000 015 255 221 000 000 000 078 000 071 255 049 027 017
0395 000 018 000 015 255 255 001 000 000 076 003 078 255 052 043 006
0396 000 027 000 018 255 255 000 000 016 084 007 093 223 061 038 026
0397 000 028 000 005 255 255 000 000 043 060 011 095 177 060 032 000
0398 000 041 000 008 255 255 000 000 023 065 016 118 142 058 015 000
0399 000 052 000 000 255 229 000 000 012 040 002 134 110 062 025 000
0400 000 055 000 000 255 206 000 000 023 017 000 137 099 083 038 000
0401 000 046 000 000 255 178 006 000 023 000 000 125 131 085 060 000
0402 006 046 000 000 255 138 007 000 012 001 007 121 165 073 060 000
0403 000 022 000 000 255 079 000 000 019 015 006 080 192 067 046 000
0404 000 001 000 000 255 122 006 000 032 039 007 044 240 074 057 000
0405 000 000 000 000 255 203 000 000 034 047 000 025 255 078 040 000
0406 000 000 000 008 255 255 000 000 041 066 000 032 255 080 028 000
0407 000 004 004 008 255 255 001 000 054 067 000 052 245 076 023 000
0408 000 004 018 005 255 255 000 000 083 061 000 053 231 071 020 000
0409 000 000 033 008 255 255 000 000 107 067 000 044 222 063 006 003
0410 000 000 052 004 255 255 000 000 138 059 000 020 230 062 000 003
0411 000 000 047 008 255 255 000 000 130 065 000 018 228 062 000 000
0412 000 000 030 007 211 255 000 000 102 064 000 020 216 066 000 000
0413 000 000 014 000 212 255 000 000 074 039 000 023 207 081 000 000
0414 000 000 003 000 254 255 000 000 052 020 000 025 187 093 012 000
0415 000 000 020 000 255 255 006 000 085 014 000 035 165 099 060 000
0416 000 000 046 000 255 255 015 000 128 026 000 045 137 105 074 000
0417 000 006 052 002 255 255 020 000 138 054 000 058 130 095 083 000
0418 000 015 042 000 255 255 010 000 122 051 000 077 120 076 067 000
0419 000 021 032 011 255 255 000 000 103 073 000 088 124 049 042 000
0420 000 019 023 021 255 255 000 000 088 092 000 079 107 041 048 000
0421 000 001 024 009 255 255 007 000 090 068 000 045 058 073 060 000
0422 000 000 033 001 251 255 008 000 106 055 000 034 027 106 062 000
0423 000 000 032 000 230 255 011 000 105 009 000 000 010 122 066 000
0424 000 000 023 000 255 255 002 000 090 000 000 000 091 114 052 000
0425 000 000 015 000 255 255 009 000 074 000 000 000 143 084 066 000
0426 000 000 006 000 255 234 018 000 059 000 000 000 181 059 079 000
0427 000 000 000 000 255 239 023 000 046 000 000 017 158 045 086 011
0428 000 000 000 000 255 255 039 000 027 000 000 026 090 045 117 003
0429 000 000 000 000 255 255 067 000 023 000 028 033 049 039 165 014
0430 000 000 000 000 255 255 079 000 025 000 000 024 022 053 187 006
0431 000 000 000 000 255 255 072 000 029 000 000 007 009 081 176 000
0432 000 000 000 000 255 255 068 000 028 018 000 004 006 131 165 000
0433 000 000 000 000 255 255 060 000 036 009 000 000 000 172 152 000
0434 000 000 015 000 255 255 057 000 079 023 000 000 003 203 144 000
0435 000 000 021 000 255 255 024 000 088 026 000 000 000 229 086 000
0436 000 000 017 000 227 255 000 000 083 033 000 000 000 240 029 000
0437 000 000 009 000 200 222 010 000 066 015 000 000 000 247 064 000
0438 000 000 011 000 232 094 029 000 067 000 000 007 000 250 086 000
0439 000 000 013 000 255 135 033 000 071 018 002 000 000 224 105 000
0440 000 000 005 000 255 255 050 000 057 004 002 000 000 194 133 000
0441 000 000 000 000 255 255 043 000 041 000 004 000 000 191 121 000
0442 000 000 000 000 255 255 026 000 032 000 009 000 000 199 091 000
0443 000 000 000 000 255 255 007 000 031 000 018 000 000 211 063 000
0444 001 000 000 000 255 255 012 000 042 025 031 000 000 216 069 000
0445 004 000 000 000 255 255 016 000 046 037 037 000 021 205 078 000
0446 000 000 008 000 255 255 031 000 063 052 020 000 035 181 103 000
0447 000 000 018 007 255 255 037 000 081 064 018 000 041 158 114 000
0448 000 000 025 000 255 255 037 000 093 038 023 006 046 148 111 010
0449 004 000 041 000 255 255 022 000 120 050 038 017 052 127 084 033
0450 005 000 029 000 255 255 021 000 099 036 035 034 077 119 086 032
0451 004 005 010 000 241 255 050 000 065 030 035 056 121 121 134 043
0452 009 012 015 000 154 255 053 000 075 043 045 067 140 129 142 033
0453 009 020 015 000 177 255 039 000 074 020 042 083 185 137 113 034
0454 013 028 012 000 215 255 031 000 069 037 052 092 212 152 101 022
0455 013 023 000 000 255 255 020 041 026 006 050 084 231 158 082 027
0456 013 026 000 000 255 255 012 000 004 000 052 090 251 155 069 024
0457 008 017 000 000 255 255 004 000 019 011 040 076 255 139 056 024
0458 000 001 000 000 255 255 010 000 017 003 010 049 255 101 066 016
0459 000 004 000 000 249 255 017 000 009 003 002 055 222 061 078 026
0460 000 005 000 000 163 255 003 000 000 008 006 060 176 039 052 013
0461 000 000 000 000 141 255 000 000 000 028 000 040 123 020 013 023
0462 000 002 000 003 113 255 000 000 030 057 000 050 095 051 015 023
0463 000 003 000 000 100 255 000 000 020 046 000 052 092 061 029 022
0464 000 000 000 000 145 255 000 001 024 041 002 029 121 035 034 011
0465 000 000 000 003 156 255 000 000 050 055 000 015 204 000 019 000
0466 000 000 000 010 215 255 000 000 039 069 000 026 250 006 029 002
0467 000 000 000 008 255 255 000 000 018 065 001 045 255 027 029 000
0468 000 008 000 002 255 228 003 000 026 051 000 060 255 039 056 000
0469 000 019 000 000 255 209 029 000 017 040 000 081 255 047 098 000
0470 000 006 000 007 255 251 024 000 031 064 000 057 255 049 093 000
0471 000 009 000 000 255 255 051 000 039 047 000 064 255 060 135 008
0472 000 018 001 000 255 255 052 000 051 034 024 075 255 089 136 016
0473 019 012 007 000 255 255 048 000 063 007 058 067 255 111 129 012
0474 024 007 004 003 255 255 031 000 055 058 065 061 255 124 102 018
0475 031 007 000 004 255 255 033 000 044 060 077 059 255 132 104 007
0476 037 006 000 001 255 253 015 000 038 053 084 057 255 135 074 008
0477 040 000 000 007 255 166 015 000 037 065 088 019 255 129 073 003
0478 037 000 000 005 255 242 013 000 028 061 083 027 255 110 071 000
0479 042 000 000 003 255 255 000 000 030 060 092 034 255 086 046 010
0480 028 000 003 001 255 255 001 000 054 056 072 036 255 055 047 019
0481 027 000 022 000 255 255 000 000 087 027 069 019 255 023 041 022
0482 033 000 032 000 255 255 007 000 104 046 079 001 255 011 061 023
0483 034 000 036 000 255 255 000 000 111 015 080 000 255 041 047 025
0484 042 000 028 000 255 255 000 000 097 027 091 002 255 084 029 034
0485 038 002 009 000 253 255 001 000 063 048 087 000 255 139 049 038
0486 050 000 000 014 202 213 018 000 045 076 105 000 255 184 080 031
0487 058 000 000 009 127 151 011 000 035 071 116 018 255 194 072 052
0488 054 000 000 000 129 110 027 009 033 035 109 021 255 187 094 071
0489 049 000 000 000 237 102 033 008 045 015 104 027 255 175 105 069
0490 041 000 000 000 255 149 031 006 042 013 095 018 243 167 101 068
0491 036 000 000 000 255 161 013 004 022 020 085 024 189 153 071 061
0492 029 000 000 000 255 167 000 003 037 015 070 026 144 128 044 062
0493 015 000 004 000 255 185 000 005 057 029 052 009 127 100 007 045
0494 016 000 006 000 255 213 000 000 060 018 053 013 159 089 013 018
0495 011 000 008 003 255 165 013 000 063 055 046 047 207 089 070 010
0496 000 008 013 000 255 121 005 000 072 007 028 061 234 084 056 000
0497 000 013 009 000 255 180 014 000 064 000 010 069 243 087 072 000
0498 000 019 000 000 255 255 028 000 042 021 000 083 240 114 096 006
0499 000 028 000 000 255 255 036 000 017 036 000 094 222 152 108 020
0500 000 033 000 002 255 255 031 000 020 040 005 102 197 161 102 021
0501 000 022 003 001 177 222 024 000 056 048 015 083 164 141 087 012
0502 000 003 029 005 145 199 018 000 099 061 030 051 161 102 079 007
0503 020 000 030 011 246 247 009 000 101 071 060 024 164 086 063 004
0504 039 000 012 013 255 192 002 000 068 073 086 012 178 071 051 010
0505 046 000 000 004 255 112 000 000 031 059 097 021 213 065 032 007
0506 045 000 000 000 255 102 000 003 024 026 094 035 235 043 050 031
0507 041 000 000 000 255 131 007 000 043 018 088 032 238 065 060 043
0508 037 000 001 000 255 242 007 005 050 018 083 021 253 121 062 062
0509 014 000 002 000 255 255 019 000 052 047 049 020 255 165 087 049
0510 004 000 001 002 255 255 037 000 050 051 034 002 253 181 118 032
0511 001 000 000 007 255 255 045 000 036 064 032 025 232 189 128 025
0512 002 013 000 019 255 255 035 000 026 087 034 068 187 199 109 010
0513 004 016 000 002 255 255 029 000 016 057 031 074 146 230 098 001
0514 008 014 000 000 255 255 026 000 015 029 044 069 128 238 097 024
0515 008 005 000 000 255 255 032 000 022 044 043 054 114 245 104 009
0516 015 004 000 000 255 255 032 000 024 030 053 055 102 255 101 020
0517 009 000 000 006 255 255 032 000 016 066 045 040 084 255 102 011
0518 000 000 000 012 255 255 016 000 007 074 016 038 100 255 076 020
0519 000 000 000 022 232 252 023 000 002 089 002 033 119 255 087 000
0520 000 000 000 019 225 214 028 000 000 084 000 029 132 255 097 015
0521 000 000 000 006 164 202 009 000 015 062 009 030 133 255 064 020
0522 000 000 000 000 125 230 008 000 045 046 014 016 117 255 061 024
0523 000 000 000 000 122 240 020 000 014 011 027 025 107 253 080 000
0524 015 000 000 000 076 234 016 000 011 003 035 033 087 219 076 000
0525 004 000 000 000 066 248 022 000 007 009 036 023 083 187 085 000
0526 005 000 000 000 137 255 018 000 020 009 039 009 077 159 079 003
0527 012 000 000 000 218 250 019 000 025 015 049 008 066 137 080 014
0528 007 000 000 000 255 255 015 000 026 007 041 004 062 129 074 001
0529 002 000 000 000 255 255 012 000 019 015 032 020 062 124 070 010
0530 000 000 000 000 255 255 005 000 033 025 021 037 075 105 058 002
0531 000 012 000 000 246 255 000 000 038 013 013 067 111 069 046 010
0532 000 026 000 000 241 255 000 000 021 011 001 091 129 018 034 006
0533 000 029 000 000 255 255 000 000 007 031 000 096 109 053 032 000
0534 000 021 000 000 255 255 000 000 019 029 000 083 069 113 029 000
0535 000 004 008 000 255 255 000 000 062 009 000 054 066 159 044 002
0536 000 000 020 000 255 209 004 000 083 026 000 044 106 169 056 010
0537 000 001 029 000 255 162 011 000 100 016 000 047 114 162 068 000
0538 000 000 020 000 255 229 015 000 083 030 000 045 107 167 073 006
0539 000 003 004 000 255 255 021 000 056 046 000 051 113 199 085 002
0540 000 006 000 000 255 255 034 000 022 022 000 059 134 232 108 000
0541 000 016 000 000 255 255 042 000 015 025 000 073 166 231 122 000
0542 000 016 000 000 255 255 034 000 033 029 000 074 197 219 105 010
0543 000 006 000 011 255 254 014 000 037 071 000 056 217 203 070 010
0544 000 000 000 001 255 172 002 000 039 052 013 035 194 194 049 024
0545 006 000 000 001 255 175 001 000 032 052 041 029 149 177 048 018
0546 010 000 000 009 255 255 007 000 010 066 046 027 108 145 060 028
0547 002 000 000 009 201 255 003 000 023 067 033 035 080 062 052 027
0548 002 000 000 000 249 255 007 000 036 046 035 039 048 024 059 025
0549 005 000 003 003 248 255 017 000 053 059 038 038 087 061 078 021
0550 010 000 002 001 236 255 014 000 051 050 047 039 143 108 072 034
0551 010 000 000 001 255 255 028 000 040 054 046 042 171 113 095 035
0552 001 016 000 017 255 255 043 000 022 084 032 075 160 089 124 047
0553 000 024 000 010 255 255 065 000 019 070 020 091 133 073 159 040
0554 000 022 000 009 255 255 063 000 016 066 014 085 145 056 156 019
0555 000 017 000 002 255 255 054 000 037 054 031 075 167 081 138 014
0556 011 009 002 000 255 255 054 000 051 023 046 061 187 155 142 032
0557 022 000 011 000 255 255 054 000 068 000 063 044 204 227 146 036
0558 034 000 012 000 184 255 051 003 070 006 083 042 230 255 138 058
0559 046 000 009 000 156 255 027 002 064 007 098 038 238 255 096 044
0560 050 000 001 000 145 255 000 000 051 022 105 040 240 255 047 044
0561 044 000 000 000 104 255 000 000 048 031 097 037 240 255 025 046
0562 038 000 011 000 127 255 001 004 069 012 088 023 237 255 003 057
0563 041 000 009 000 151 255 000 009 064 010 091 024 249 255 017 069
0564 042 004 009 000 135 255 000 012 065 013 091 055 255 255 019 074
0565 026 025 016 000 108 255 000 022 075 045 071 089 255 194 006 093
0566 022 036 014 001 105 255 000 023 073 054 063 106 255 144 012 095
0567 013 045 005 018 144 255 000 013 059 085 048 127 255 109 003 076
0568 000 047 005 023 242 230 000 000 059 095 032 126 231 103 019 044
0569 000 041 006 024 253 159 000 010 059 093 031 116 232 103 024 071
0570 003 022 001 033 247 110 000 013 050 108 027 087 254 087 043 079
0571 000 003 000 018 185 143 001 023 038 084 029 050 255 069 049 096
0572 000 000 000 000 187 255 000 017 039 049 016 019 255 074 044 085
0573 000 000 000 009 186 255 000 018 035 066 020 013 255 074 042 086
0574 000 000 000 000 196 255 000 000 021 032 012 009 255 085 034 048
0575 000 000 000 000 222 255 000 000 005 024 000 012 255 108 037 019
0576 000 000 000 000 232 255 007 000 000 024 000 011 248 139 060 014
0577 000 000 000 000 217 255 006 000 010 035 000 036 210 165 058 019
0578 000 011 000 000 230 255 000 000 023 034 000 067 191 192 033 028
0579 000 040 000 000 255 255 000 000 044 025 000 115 180 223 028 044
0580 000 060 000 000 255 255 000 000 043 038 000 150 200 240 042 047
0581 000 077 000 000 227 255 005 000 042 037 000 184 249 251 055 049
0582 000 078 000 007 211 255 005 003 040 062 000 183 255 243 058 070
0583 000 076 000 019 247 255 000 000 030 087 004 175 255 244 046 044
0584 000 075 000 020 255 224 000 000 013 087 010 172 255 250 031 016
0585 000 066 000 029 255 118 000 000 021 100 024 157 253 245 047 001
0586 000 053 000 022 255 092 027 000 046 093 021 136 186 237 096 024
0587 000 028 000 028 255 180 037 000 039 101 019 093 112 234 112 041
0588 000 012 000 010 255 255 054 005 041 071 028 065 080 233 142 062
0589 000 000 009 014 255 255 051 008 067 076 027 031 101 228 135 072
0590 000 000 015 004 255 255 034 020 078 060 024 032 121 212 105 087
0591 000 000 008 007 255 255 016 019 065 062 014 038 122 203 077 084
0592 000 000 000 000 205 181 008 006 031 040 007 041 090 212 065 066
0593 000 000 000 000 129 114 028 003 030 025 003 032 086 222 095 056
0594 000 000 000 000 108 096 018 000 037 025 000 033 102 253 078 032
0595 000 000 000 000 131 135 015 000 031 021 000 023 113 255 074 015
0596 000 000 002 000 135 157 019 000 051 028 000 013 136 255 078 015
0597 000 000 000 000 116 145 008 000 034 041 000 001 163 255 062 024
0598 000 000 000 000 112 146 008 000 021 036 000 000 177 255 061 033
0599 000 000 000 004 130 199 000 000 025 059 000 004 161 255 034 013
0600 000 000 000 000 142 255 007 000 023 040 005 007 150 255 059 000
0601 000 000 000 000 153 255 022 000 001 042 008 003 133 236 086 000
0602 000 000 000 000 239 255 007 000 000 043 025 004 125 194 059 012
0603 000 000 000 001 255 255 003 000 000 053 026 027 140 163 054 019
0604 000 012 000 000 255 255 028 000 001 029 027 067 192 122 095 031
0605 000 022 000 000 255 255 035 000 000 015 022 085 238 102 112 036
0606 000 042 000 000 255 255 022 000 000 016 015 119 254 098 090 032
0607 000 040 000 000 255 255 010 000 000 038 007 113 247 100 066 023
0608 000 039 000 000 255 255 025 000 019 016 000 118 251 114 089 026
0609 000 041 000 000 255 255 027 000 018 019 000 119 255 127 096 011
0610 000 041 000 000 255 255 031 000 000 014 000 116 255 143 099 005
0611 000 019 000 000 255 255 025 000 023 006 000 076 255 144 091 019
0612 000 000 000 000 255 255 028 000 023 004 000 030 255 125 101 038
0613 000 009 000 000 187 255 026 000 023 027 000 065 255 104 090 012
0614 000 031 000 000 144 255 021 000 027 045 000 100 255 083 085 012
0615 012 049 000 000 211 255 008 000 014 040 000 129 255 079 062 002
0616 000 062 000 000 255 255 026 000 018 018 000 152 255 108 094 029
0617 000 061 000 000 255 255 041 003 028 018 000 148 255 134 119 063
0618 000 047 000 000 255 255 053 014 029 001 000 123 255 148 137 078
0619 000 027 000 000 255 255 051 000 016 010 000 091 236 172 135 045
0620 000 016 000 000 255 255 052 000 019 015 000 072 199 189 137 033
0621 000 025 000 000 255 255 081 000 024 000 000 089 187 211 193 037
0622 000 028 000 000 255 255 093 000 021 007 002 095 195 216 212 031
0623 000 033 000 000 255 255 114 000 018 041 020 105 219 209 244 033
0624 000 032 000 000 255 255 123 000 020 038 009 103 227 210 255 026
0625 000 012 000 020 245 237 116 000 018 089 000 070 222 236 246 033
0626 000 005 000 040 242 198 106 000 029 123 015 058 200 251 228 047
0627 017 005 000 054 255 182 079 000 024 148 054 055 177 255 186 036
0628 033 013 000 055 255 175 056 000 005 148 076 068 151 255 145 018
0629 039 020 000 054 255 230 056 000 009 147 085 080 112 243 143 027
0630 038 021 000 031 255 255 061 000 038 106 085 080 117 213 152 022
0631 035 023 015 028 255 255 057 000 075 103 085 084 133 200 146 016
0632 044 016 037 031 255 255 050 000 113 106 094 074 134 211 136 009
0633 044 009 047 036 255 248 042 000 130 114 092 061 115 208 120 014
0634 035 016 046 037 255 157 016 000 128 116 080 074 096 170 074 000
0635 024 025 023 036 222 119 012 000 088 114 067 088 089 119 069 000
0636 006 013 000 015 240 131 017 000 046 077 039 068 103 053 077 001
0637 000 000 000 009 240 175 016 000 033 066 026 049 130 021 076 009
0638 009 003 000 009 242 209 017 000 013 065 045 055 188 028 080 015
0639 024 005 000 003 255 241 016 000 007 054 069 056 254 068 080 025
0640 039 000 000 000 255 204 016 000 008 037 090 046 255 091 076 019
0641 041 009 000 000 255 174 009 000 021 027 094 062 255 082 061 051
0642 041 004 000 000 255 221 013 000 028 004 092 054 255 068 071 028
0643 035 009 000 000 248 231 014 000 040 013 082 060 255 055 072 044
0644 028 013 000 000 203 192 015 007 046 000 074 069 255 063 077 065
0645 022 015 000 000 206 161 037 012 035 005 066 073 255 069 115 075
0646 013 016 001 000 165 129 052 004 050 012 051 075 255 092 146 058
0647 014 014 013 000 135 219 049 000 073 019 052 073 246 109 130 045
0648 016 015 018 000 111 235 040 002 079 041 054 070 213 108 114 043
0649 016 007 021 000 079 207 036 000 087 016 058 060 193 120 109 025
0650 018 007 013 000 096 193 037 000 072 026 067 061 197 118 112 028
0651 028 003 006 009 121 203 041 000 058 068 073 050 200 110 118 022
0652 029 003 001 000 169 237 023 000 050 053 074 051 201 090 087 018
0653 008 000 000 000 227 255 019 000 040 025 043 043 197 071 079 026
0654 009 000 000 000 255 255 016 000 042 026 021 037 197 069 074 022
0655 000 000 000 005 255 255 005 000 045 060 006 040 217 095 055 014
0656 000 000 000 037 255 255 000 000 035 117 000 032 245 104 008 031
0657 000 000 000 072 255 241 000 000 020 179 002 022 255 107 048 016
0658 000 000 000 074 202 234 016 000 007 183 009 016 255 107 080 032
0659 003 000 000 091 100 220 035 000 000 211 035 015 255 099 112 029
0660 020 000 000 083 039 170 029 000 031 198 059 028 255 090 101 027
0661 017 000 002 082 029 097 039 000 054 198 056 031 205 086 117 021
0662 023 000 011 089 028 040 056 000 071 209 064 042 130 086 145 007
0663 018 001 017 065 017 020 063 000 079 168 054 043 075 091 155 001
0664 002 002 013 026 003 000 050 000 071 095 033 047 062 093 137 001
0665 007 003 013 020 002 029 039 000 072 085 041 049 071 103 116 005
0666 005 000 022 009 018 064 041 000 090 067 040 039 064 110 119 000
0667 005 000 030 016 025 090 042 000 106 078 039 039 063 109 122 006
0668 004 000 038 007 021 102 020 002 119 062 036 045 062 102 082 008
0669 003 000 041 000 028 089 006 000 125 041 037 046 070 085 058 000
0670 017 030 043 001 038 067 005 000 125 055 057 098 084 061 059 001
0671 024 054 057 030 058 079 007 000 147 104 047 138 099 052 059 012
0672 005 063 041 039 044 088 016 000 119 119 035 160 108 081 077 019
0673 009 062 013 051 017 080 021 000 068 151 040 156 127 108 083 023
0674 000 055 008 047 020 049 011 000 067 139 021 144 116 126 067 024
0675 005 061 026 032 045 017 022 000 094 108 037 156 107 137 090 042
0676 010 067 031 000 045 014 022 000 101 045 047 160 082 131 086 037
0677 006 062 029 000 031 021 029 043 099 047 039 149 050 139 098 010
0678 013 048 037 026 032 038 037 000 115 102 046 129 037 156 112 030
0679 000 020 035 041 057 049 041 000 112 130 028 078 037 169 116 034
0680 000 003 049 053 119 058 047 000 138 147 028 047 052 150 129 024
0681 010 000 038 058 164 046 034 000 119 160 049 037 055 128 106 026
0682 015 000 012 058 161 030 014 000 073 155 055 019 084 093 070 015
0683 036 000 033 050 119 031 000 000 107 140 084 005 090 070 038 011
0684 032 000 040 055 097 065 000 000 118 153 079 017 090 064 046 031
0685 025 000 042 060 087 074 018 000 124 160 069 032 086 065 080 048
0686 018 003 039 058 074 047 018 000 116 155 056 051 078 074 080 051
0687 007 005 028 058 034 022 019 001 097 157 042 055 082 081 078 057
0688 000 014 020 063 006 000 015 006 083 162 002 073 090 118 075 064
0689 000 017 010 056 012 008 008 002 065 148 000 076 081 140 073 057
0690 000 012 004 038 008 015 003 000 057 118 000 066 056 164 051 052
0691 000 014 005 023 048 016 015 000 056 093 000 071 034 186 075 045
0692 000 015 002 036 061 004 025 000 054 115 008 072 017 188 091 035
0693 000 008 020 046 052 000 018 000 089 137 000 064 062 183 080 048
0694 000 013 044 048 040 024 025 000 130 141 000 072 103 160 073 025
0695 000 021 039 054 028 054 014 000 120 148 000 079 131 130 069 035
0696 000 007 019 045 028 059 001 000 079 133 000 057 134 099 048 049
0697 000 000 000 034 027 054 000 006 022 116 000 018 123 075 038 062
0698 000 000 006 028 042 031 000 005 063 101 009 018 077 079 030 063
0699 000 000 016 020 078 032 000 000 079 086 015 001 035 098 045 043
0700 000 000 028 009 106 031 014 000 100 065 010 004 057 116 073 037
0701 000 000 042 000 131 016 027 000 124 041 026 013 100 137 098 031
0702 000 000 042 000 129 008 011 000 122 043 012 027 153 125 066 026
0703 000 000 054 030 118 030 012 000 143 106 028 031 189 130 066 036
0704 000 000 053 063 094 056 016 000 140 165 011 042 210 102 073 034
0705 000 000 027 106 080 079 000 000 095 240 000 044 213 050 037 052
0706 000 000 000 107 065 077 000 000 041 241 000 024 195 043 037 050
0707 000 000 000 112 062 070 002 000 019 249 000 015 155 064 057 054
0708 000 000 000 103 063 057 013 000 010 236 000 021 135 072 070 048
0709 000 000 000 075 056 046 008 004 005 185 000 044 128 094 064 059
0710 000 003 000 045 061 036 003 003 029 135 000 053 116 078 050 060
0711 000 003 009 028 055 033 005 003 065 100 014 051 092 064 054 058
0712 000 005 035 026 104 028 007 000 110 102 000 053 063 076 061 049
0713 000 004 036 012 127 018 020 000 111 074 000 058 027 076 083 034
0714 000 003 047 024 141 000 013 000 130 097 005 051 029 088 071 000
0715 000 000 048 032 125 006 018 000 131 113 013 040 066 081 077 012
0716 000 000 043 027 125 020 032 000 122 102 004 027 082 096 104 005
0717 000 000 018 036 116 009 056 000 080 118 002 012 084 108 148 012
0718 000 000 027 049 116 007 065 000 095 137 000 000 038 117 162 000
0719 000 000 009 059 104 000 041 000 063 157 000 040 018 106 119 002
0720 000 010 000 048 090 013 027 000 001 137 000 065 026 095 097 010
0721 000 008 025 044 089 021 035 000 096 134 000 058 049 073 113 001
0722 000 000 063 041 088 028 035 000 164 129 000 045 057 064 107 000
0723 000 000 093 022 085 030 027 000 215 092 000 028 068 051 093 000
0724 000 000 103 024 056 025 010 000 233 094 009 028 102 045 066 002
0725 000 000 097 017 029 057 016 000 221 081 024 025 133 040 075 016
0726 012 000 062 002 008 102 019 000 154 053 051 019 160 039 081 036
0727 023 000 004 001 022 091 007 000 051 051 067 032 182 048 086 041
0728 015 011 001 002 041 082 018 000 054 055 052 066 190 061 079 034
0729 000 041 040 034 040 098 028 000 120 115 017 117 179 095 098 047
0730 000 059 038 086 027 075 014 000 119 209 004 150 156 117 072 027
0731 000 061 051 117 025 064 027 000 138 255 022 151 142 114 095 011
0732 008 059 043 137 000 046 027 000 122 255 044 148 152 106 093 000
0733 029 071 021 134 000 021 029 000 085 255 075 168 170 105 096 026
0734 046 093 009 115 007 005 037 000 062 251 102 205 200 102 112 039
0735 060 097 003 089 022 031 025 000 055 211 121 212 229 094 091 045
0736 069 090 013 041 060 042 018 000 072 124 132 198 253 083 081 048
0737 065 058 021 003 088 073 042 000 085 056 128 145 255 085 120 035
0738 062 043 037 006 141 101 040 000 112 064 125 124 248 101 118 020
0739 043 036 039 023 179 120 037 000 115 091 094 111 235 121 111 012
0740 013 034 027 016 254 186 015 000 096 078 049 103 206 155 073 002
0741 000 032 025 005 255 228 008 000 092 059 016 100 189 168 061 000
0742 000 037 014 014 254 255 000 000 072 077 000 102 130 183 034 000
0743 000 031 002 010 198 255 000 000 051 070 006 100 078 156 025 018
0744 003 030 000 007 136 255 001 000 032 064 036 096 072 095 052 021
0745 021 022 000 012 158 255 012 000 034 074 063 082 116 053 071 051
0746 024 004 015 000 230 255 004 006 076 047 067 053 142 038 056 062
0747 020 000 029 004 255 255 000 009 100 058 059 043 148 045 035 069
0748 012 023 018 008 255 255 000 012 079 066 050 088 151 062 033 073
0749 000 055 002 001 255 236 000 003 053 050 023 144 142 081 028 056
0750 000 070 000 012 255 112 000 000 048 075 016 167 147 084 026 023
0751 000 086 000 003 255 109 000 000 048 055 021 192 155 080 030 001
0752 011 101 000 010 255 218 000 000 040 070 045 219 147 060 041 020
0753 026 108 005 016 255 255 002 000 058 082 070 230 158 056 050 044
0754 034 145 005 030 255 255 000 004 057 104 082 255 143 052 038 059
0755 029 191 007 017 255 255 000 006 063 080 075 255 091 035 030 067
0756 026 207 010 001 255 255 000 010 068 048 070 255 070 031 028 070
0757 014 220 013 000 255 255 000 000 074 022 050 255 074 009 036 047
0758 000 206 019 000 222 251 000 000 084 007 021 255 084 005 035 028
0759 000 198 026 000 254 194 000 000 096 020 018 255 087 001 036 022
0760 000 166 031 000 255 097 006 000 106 015 020 255 069 000 058 037
0761 000 151 035 000 255 163 000 000 113 009 030 255 055 000 044 040
0762 001 140 028 000 255 178 001 000 099 017 031 255 057 000 049 023
0763 008 121 031 000 255 220 000 000 104 045 045 247 050 006 038 003
0764 023 087 031 002 255 222 000 000 103 054 065 194 048 010 020 030
0765 023 038 016 000 255 175 000 000 075 040 067 108 061 010 031 027
0766 025 016 000 008 255 255 000 000 041 067 067 074 070 010 030 009
0767 014 018 000 005 255 255 001 000 002 063 048 079 079 006 040 000
0768 000 017 000 012 255 255 000 000 011 073 027 076 068 000 018 000
0769 000 016 000 011 255 255 000 000 047 070 009 073 047 000 015 000
0770 000 036 018 007 255 255 000 000 082 062 000 111 026 000 026 000
0771 000 062 047 000 255 255 000 000 136 039 000 154 008 000 016 002
0772 000 084 054 000 255 255 000 000 147 023 014 196 017 000 012 000
0773 003 101 056 002 255 255 000 000 147 056 037 224 043 000 021 000
0774 014 121 076 000 255 234 000 000 187 032 051 254 059 002 035 000
0775 007 134 100 000 255 135 008 000 225 020 040 255 060 013 063 000
0776 000 143 117 000 255 245 003 000 249 041 014 255 057 023 053 000
0777 000 139 106 022 255 255 000 000 232 093 000 255 033 034 011 000
0778 000 113 073 034 255 255 000 000 173 115 000 236 035 032 011 000
0779 000 101 040 025 255 255 000 000 117 096 002 216 029 031 017 000
0780 003 116 001 010 255 255 000 000 049 069 036 250 033 021 003 000
0781 011 150 014 000 255 255 000 000 077 044 046 255 036 008 002 000
0782 008 151 021 000 255 255 002 000 089 037 039 255 050 000 000 000
0783 000 138 020 000 255 255 000 000 086 012 014 255 083 000 000 000
0784 000 106 005 000 255 255 000 000 057 007 005 224 095 000 002 000
0785 000 077 000 000 255 160 000 000 032 001 000 175 086 000 017 000
0786 000 082 000 000 237 117 006 000 013 000 000 190 062 000 058 000
0787 000 082 000 000 232 128 003 000 000 007 000 186 019 000 051 000
0788 000 074 000 000 255 185 000 000 001 005 000 176 000 000 043 000
0789 000 069 000 000 255 245 000 000 038 001 001 163 000 000 024 000
0790 000 070 000 000 255 246 000 000 040 002 020 168 000 000 004 000
0791 000 061 000 000 255 233 000 000 045 000 025 155 000 000 006 000
0792 000 047 002 000 255 221 000 000 053 000 030 123 000 000 008 000
0793 001 006 013 000 255 201 000 000 072 005 033 053 000 000 014 000
0794 002 008 001 000 255 199 000 000 050 001 033 065 000 000 006 000
0795 000 019 000 000 255 206 000 000 027 000 027 083 006 000 000 000
0796 000 041 000 000 255 217 000 000 010 000 020 115 010 000 024 000
0797 000 060 000 000 255 220 000 000 020 000 019 149 009 000 040 000
0798 005 070 000 000 253 255 000 000 042 012 036 166 007 000 037 000
0799 000 073 000 000 129 255 000 000 049 024 007 170 000 000 030 000
0800 000 067 000 000 152 248 000 000 051 030 000 160 000 000 014 000
0801 000 064 000 002 234 173 000 000 027 057 000 152 016 000 014 000
0802 000 031 008 000 255 204 000 000 063 048 000 095 040 000 011 000
0803 000 000 037 001 255 152 000 011 114 050 013 037 040 004 000 000
0804 000 000 049 002 255 212 000 000 134 054 000 013 041 000 000 000
0805 000 000 042 000 255 255 000 000 122 031 001 016 033 000 000 000
0806 000 000 037 000 255 255 000 000 113 021 000 020 039 000 000 000
0807 000 000 041 000 255 255 000 000 120 000 011 047 038 004 034 000
0808 000 008 042 000 255 255 000 000 121 001 008 061 045 006 048 000
0809 000 011 033 000 255 255 011 000 105 015 002 065 032 007 053 000
0810 000 006 017 000 255 255 013 000 077 004 000 057 053 001 069 000
0811 000 000 000 000 255 255 003 000 049 000 010 001 072 000 052 000
0812 003 000 007 000 169 250 000 000 060 000 033 000 067 000 043 000
0813 013 000 000 000 092 186 000 000 042 000 049 007 052 002 042 000
0814 010 000 018 000 127 255 000 000 080 006 044 026 062 004 031 000
0815 006 008 035 000 161 255 000 000 109 016 038 062 070 006 024 010
0816 006 011 031 000 169 255 000 000 103 016 038 066 075 005 022 000
0817 006 052 028 000 203 255 000 000 096 023 036 141 086 009 016 000
0818 000 147 040 000 233 255 000 000 118 015 009 255 089 013 007 009
0819 000 255 045 000 239 255 000 000 125 004 020 255 085 008 025 000
0820 000 255 036 000 227 255 000 000 109 001 028 255 071 004 035 014
0821 010 255 001 000 168 255 000 000 047 000 043 255 035 004 040 002
0822 013 255 000 000 151 255 000 000 018 000 048 255 031 005 019 002
0823 016 255 000 000 189 255 000 000 012 001 052 255 006 005 015 000
0824 000 255 000 000 186 255 000 000 037 016 018 255 025 011 017 000
0825 000 255 020 000 184 255 000 000 083 012 002 255 029 014 000 000
0826 000 255 021 000 161 255 000 004 085 002 001 255 033 015 000 000
0827 000 255 036 000 170 255 000 000 113 010 004 255 036 012 000 000
0828 000 255 045 000 227 255 000 000 130 002 018 255 042 002 019 000
0829 000 255 018 000 250 255 000 000 083 005 024 255 037 000 000 035
0830 006 246 002 000 244 255 000 000 050 028 034 255 023 012 000 030
0831 012 182 000 000 245 255 000 000 033 029 046 255 045 033 000 024
0832 024 042 000 000 227 255 007 000 009 017 064 110 083 044 000 015
0833 039 063 000 000 187 255 000 000 025 000 083 158 143 060 018 000
0834 029 083 000 000 152 255 000 000 038 008 070 189 167 074 000 000
0835 011 129 000 000 131 255 000 000 025 043 044 255 214 092 022 004
0836 000 159 000 003 150 247 000 000 032 055 024 255 229 091 038 016
0837 000 147 000 019 138 206 007 000 029 086 022 255 235 079 059 020
0838 000 116 000 026 161 169 007 000 030 100 023 241 231 059 059 030
0839 009 104 000 023 209 168 004 000 030 091 044 224 222 068 054 027
0840 015 101 000 029 218 187 003 000 035 103 049 216 218 075 053 026
0841 010 082 000 010 231 255 006 000 039 068 044 184 224 110 059 026
0842 010 061 000 004 207 255 009 000 045 051 045 147 224 142 062 036
0843 008 050 000 000 203 255 003 000 040 024 040 130 220 164 054 047
0844 001 044 000 000 191 255 000 007 036 016 035 121 198 175 040 064
0845 009 033 000 000 181 255 000 005 017 018 043 101 158 171 039 061
0846 025 024 002 000 185 255 003 000 053 016 067 091 104 163 054 036
0847 052 049 013 000 171 227 000 000 076 014 110 132 054 152 047 033
0848 057 051 015 000 117 227 000 000 078 006 117 130 031 125 027 030
0849 059 016 010 000 166 255 002 000 066 009 119 070 057 091 050 023
0850 046 000 000 000 229 255 000 000 047 003 096 038 090 047 044 021
0851 034 000 006 000 255 255 000 000 061 000 080 004 126 027 043 029
0852 028 000 011 000 252 255 000 000 067 000 074 044 181 029 012 041
0853 029 015 018 000 209 255 000 005 080 008 074 071 214 048 007 062
0854 029 027 029 000 212 255 000 005 102 014 074 091 254 059 012 065
0855 019 025 042 000 159 255 000 006 126 000 059 090 255 037 005 063
0856 007 020 066 000 198 255 000 005 165 004 040 080 255 032 003 063
0857 004 017 067 001 255 255 000 000 165 053 038 075 255 019 000 054
0858 013 012 056 001 255 255 000 000 146 052 048 067 244 010 000 048
0859 015 000 039 020 255 255 000 000 120 087 051 043 232 033 008 028
0860 010 000 020 029 255 223 000 000 082 103 045 019 230 050 017 027
0861 016 000 009 045 255 255 000 000 067 131 051 000 231 053 015 021
0862 000 000 004 048 255 255 000 000 057 137 010 000 213 091 045 010
0863 000 000 001 054 255 255 008 000 049 150 000 026 189 110 062 016
0864 000 000 000 065 255 255 000 000 048 169 001 043 119 085 037 023
0865 000 001 007 061 255 255 000 000 061 160 000 048 056 053 015 021
0866 000 008 013 044 255 255 000 000 071 132 000 061 067 052 030 021
0867 000 011 017 043 255 255 000 000 078 126 001 064 102 048 040 016
0868 000 004 006 022 231 255 000 000 059 091 005 053 171 052 040 000
0869 000 000 011 003 180 255 000 000 070 054 018 044 235 055 029 000
0870 000 000 045 002 135 255 000 000 128 057 030 046 255 065 032 041
0871 000 010 056 000 195 255 000 000 147 040 030 063 255 078 030 000
0872 000 020 040 010 235 255 000 000 117 071 024 082 255 104 006 000
0873 007 029 008 006 255 255 000 000 064 063 039 096 241 127 007 000
0874 017 035 000 022 255 255 000 000 021 095 057 107 218 129 007 000
0875 027 034 000 030 255 255 000 000 010 108 067 104 213 117 014 000
0876 028 032 000 009 255 074 000 000 012 070 071 100 227 097 011 000
0877 017 031 004 005 255 255 000 000 055 059 055 099 253 097 000 000
0878 014 034 024 008 255 255 000 000 090 062 050 106 255 106 000 000
0879 007 027 036 001 255 255 000 000 110 049 038 090 255 106 000 000
0880 010 019 037 000 255 255 000 000 113 040 045 079 255 106 000 000
0881 025 017 028 009 255 255 000 000 096 071 068 075 255 114 000 002
0882 037 000 005 008 255 255 000 000 055 064 084 045 255 142 014 038
0883 054 000 000 019 255 255 000 000 019 085 108 035 255 170 014 047
0884 059 000 000 037 216 255 000 003 026 128 114 037 255 188 027 060
0885 059 000 000 042 246 138 000 000 032 111 113 030 255 189 016 027
0886 058 000 000 046 255 185 000 000 043 137 113 029 255 173 018 027
0887 052 000 006 038 255 255 003 000 059 119 107 030 219 145 056 016
0888 058 000 022 035 255 255 016 000 086 115 112 041 146 119 075 004
0889 056 002 029 020 255 255 010 000 098 086 110 048 102 110 065 000
0890 060 003 013 036 255 255 012 000 072 116 118 052 113 127 067 000
0891 061 006 000 027 255 255 002 000 042 106 119 057 100 122 052 000
0892 053 007 000 041 254 255 005 000 015 125 105 057 082 085 057 008
0893 032 005 000 054 159 255 014 000 015 153 075 056 077 057 073 021
0894 000 007 000 039 107 255 014 000 019 123 017 057 061 037 072 067
0895 000 000 000 055 082 255 017 000 048 153 022 029 054 035 081 015
0896 000 000 010 072 153 255 028 000 068 185 018 012 046 034 095 025
0897 000 000 012 090 255 255 023 000 068 216 018 033 042 052 087 016
0898 000 005 000 095 255 255 019 000 044 225 002 057 059 072 082 007
0899 000 008 000 058 255 255 032 000 035 156 000 062 104 092 104 000
0900 000 008 000 042 255 255 051 000 043 128 000 062 145 096 138 000
0901 000 007 000 003 255 255 037 000 024 058 001 058 161 082 111 000
0902 000 008 000 021 255 255 018 000 042 117 010 059 177 065 076 000
0903 000 001 008 041 255 255 007 000 062 112 000 049 175 062 061 000
0904 000 002 013 010 255 255 015 000 071 072 009 052 150 071 074 016
0905 000 017 016 014 255 255 015 000 076 078 030 074 103 083 075 034
0906 006 025 009 033 161 255 016 000 064 112 040 089 060 091 077 021
0907 008 033 005 058 125 206 017 000 056 161 042 103 062 095 078 044
0908 000 027 006 049 250 168 014 000 057 141 019 092 084 092 074 034
0909 000 015 013 047 255 201 017 000 073 136 004 071 106 095 079 046
0910 000 006 020 043 255 229 025 006 086 128 001 053 121 099 091 064
0911 000 000 040 029 229 236 037 013 120 106 001 018 123 139 109 080
0912 000 000 057 023 182 222 022 014 148 093 014 032 112 168 085 079
0913 000 000 066 025 220 212 013 017 165 094 007 037 098 177 068 082
0914 000 002 063 005 244 245 000 018 158 068 000 051 072 166 043 086
0915 000 013 053 000 241 255 011 016 139 023 002 069 044 158 066 083
0916 000 012 030 002 255 255 015 022 101 050 000 067 074 147 074 096
0917 000 005 000 000 255 255 012 020 038 032 000 056 124 131 068 090
0918 000 000 003 000 255 255 000 000 054 048 016 035 171 132 046 047
0919 000 000 015 019 255 255 000 000 077 092 032 022 194 129 046 035
0920 002 000 015 024 255 255 000 000 079 103 032 025 213 128 043 010
0921 002 010 019 016 255 196 003 000 084 079 035 066 230 141 053 009
0922 000 027 031 023 255 202 008 000 106 094 024 100 236 157 058 019
0923 006 036 031 020 255 255 011 000 104 088 039 109 241 167 069 015
0924 018 057 030 022 255 255 019 000 103 093 057 144 247 158 082 008
0925 022 071 034 020 255 255 015 000 107 085 062 167 242 137 072 009
0926 020 073 030 009 255 255 015 000 101 068 063 169 225 115 073 020
0927 024 056 026 037 255 255 014 000 096 121 067 140 174 091 073 011
0928 035 043 039 049 255 255 005 000 118 137 083 122 159 078 056 005
0929 046 036 072 063 255 255 006 000 176 163 100 108 196 091 060 009
0930 046 025 094 051 255 255 010 000 213 146 100 090 229 120 064 012
0931 038 023 093 042 255 255 000 000 211 123 086 086 253 148 045 021
0932 028 027 080 015 255 255 006 002 189 077 073 093 250 172 059 057
0933 021 020 049 027 255 255 015 005 132 096 065 081 238 173 072 063
0934 022 012 014 046 255 255 016 000 072 141 064 066 216 162 077 032
0935 025 030 000 035 255 255 015 000 044 114 069 097 220 136 072 021
0936 019 039 000 062 255 255 005 000 045 161 059 113 254 099 056 020
0937 017 041 007 044 255 255 000 000 061 128 055 114 255 060 045 021
0938 019 033 012 020 255 255 008 000 072 087 058 104 255 060 061 034
0939 016 037 014 012 255 255 005 000 075 070 055 110 255 096 056 039
0940 019 046 004 006 255 255 008 000 055 062 057 125 255 111 038 011
0941 034 046 000 021 255 255 000 000 038 094 083 123 255 110 030 025
0942 048 038 000 037 255 255 000 000 045 116 103 109 255 099 024 039
0943 047 030 007 020 224 239 000 000 059 086 099 097 255 091 023 052
0944 045 032 010 000 137 208 000 000 071 048 098 096 255 090 043 050
0945 033 043 026 000 152 149 006 003 098 044 077 118 255 103 057 059
0946 026 040 040 005 226 087 020 000 121 062 066 112 255 126 084 047
0947 020 033 058 008 255 111 027 000 149 066 057 105 212 155 097 046
0948 026 030 050 027 255 213 008 000 135 102 068 096 191 170 061 041
0949 041 031 037 038 255 255 000 000 112 119 091 101 216 167 030 032
0950 056 035 019 057 255 255 000 000 079 153 110 104 251 158 016 004
0951 059 030 004 066 255 255 000 000 055 168 115 098 255 146 012 009
0952 055 030 000 050 255 255 000 000 045 138 109 095 255 150 036 002
0953 033 027 010 036 255 255 000 000 067 118 077 092 255 145 042 000
0954 017 020 008 018 255 255 000 000 063 078 057 081 255 143 039 000
0955 001 019 002 000 255 255 000 000 053 043 029 077 255 141 042 007
0956 000 016 015 000 255 255 000 000 075 009 016 071 255 132 034 025
0957 000 016 030 000 255 255 000 000 102 045 019 075 200 119 047 033
0958 011 013 040 036 255 255 000 000 118 114 047 067 134 096 049 039
0959 030 017 042 089 255 255 011 000 120 216 073 072 138 073 044 029
0960 037 027 036 103 255 255 000 000 111 239 085 091 157 054 024 036
0961 033 021 025 123 255 255 000 000 093 253 078 079 131 049 021 047
0962 023 013 007 102 255 255 000 000 060 232 065 066 064 068 005 097
0963 016 001 006 063 255 255 000 000 060 162 051 044 029 102 012 024
0964 006 000 011 025 255 255 000 000 068 092 039 026 140 135 008 008
0965 005 000 011 005 255 255 000 000 071 058 037 014 230 150 033 000
0966 000 000 017 003 255 255 000 000 079 055 021 022 255 152 036 000
0967 000 000 018 000 252 255 000 000 080 016 018 013 255 146 033 000
0968 000 000 007 037 182 255 003 000 060 116 030 021 255 125 052 007
0969 008 000 000 046 240 255 000 000 042 128 044 020 228 094 043 023
0970 014 000 000 055 255 255 000 000 023 148 051 014 172 067 025 024
0971 016 000 000 047 255 255 000 000 038 137 053 012 159 043 013 005
0972 022 000 000 042 255 255 000 000 048 129 065 017 154 051 021 000
0973 020 001 007 043 255 255 000 000 061 126 061 045 125 064 025 000
0974 038 016 001 056 255 255 000 000 050 153 089 076 075 093 037 000
0975 047 017 000 070 255 255 004 000 034 182 101 075 033 122 055 000
0976 060 011 000 092 255 255 012 000 026 221 120 068 068 146 068 011
0977 064 008 000 087 255 255 013 000 018 208 127 062 146 163 070 000
0978 064 018 000 101 255 255 024 000 029 235 126 076 210 175 091 013
0979 055 030 000 094 255 255 027 000 030 219 113 095 255 189 096 001
0980 020 039 000 075 255 255 032 000 024 187 061 110 255 180 104 001
0981 000 028 000 027 255 255 032 000 025 101 016 094 236 179 108 006
0982 000 025 000 015 255 255 036 000 043 077 008 087 193 185 111 028
0983 018 022 002 008 255 255 023 000 052 049 057 109 110 216 087 030
0984 035 025 010 012 254 233 018 000 069 077 083 091 097 255 082 030
0985 053 024 023 007 255 235 024 000 088 064 109 089 102 255 089 036
0986 067 027 032 004 252 255 021 000 104 058 127 090 138 255 084 020
0987 076 023 027 002 152 255 013 000 094 053 140 084 212 255 070 023
0988 075 024 015 000 166 252 010 000 075 021 139 087 247 228 066 039
0989 077 023 005 000 216 255 027 000 058 023 144 086 255 165 096 029
0990 084 029 000 002 247 255 031 000 045 055 152 094 255 107 100 004
0991 085 040 000 016 235 255 022 000 045 085 153 115 231 073 084 000
0992 073 047 017 022 201 255 006 000 078 085 134 125 166 050 066 019
0993 055 033 031 001 167 255 001 000 103 054 110 099 143 048 049 018
0994 043 031 028 000 222 255 006 000 096 016 094 103 152 067 062 000
0995 028 032 007 000 255 255 027 000 061 001 069 104 159 099 093 016
0996 015 024 023 000 255 255 024 000 094 029 052 091 162 132 089 012
0997 008 020 055 000 255 255 025 000 147 015 042 080 164 147 091 010
0998 004 009 080 000 255 255 031 000 188 044 037 059 155 144 105 008
0999 000 000 095 000 255 255 032 000 213 036 017 037 157 141 107 019
1000 000 000 073 000 255 255 032 000 175 032 008 037 149 140 105 006
1001 000 027 045 010 255 255 037 000 129 068 009 094 126 132 115 024
1002 000 061 003 015 255 255 051 000 054 077 014 151 072 159 142 031
1003 001 068 017 000 255 255 047 000 080 047 031 167 080 200 132 030
1004 009 067 021 000 255 255 028 000 087 050 043 164 115 238 098 020
1005 005 058 021 000 255 255 035 000 085 045 038 149 154 252 110 019
1006 000 043 017 000 255 255 034 000 078 024 012 118 189 238 104 020
1007 000 034 005 000 255 255 035 000 058 025 002 103 189 206 109 030
1008 000 019 000 000 255 255 043 000 034 021 000 077 156 162 121 016
1009 000 008 000 000 229 255 037 000 042 032 000 060 110 115 110 014
1010 000 033 008 000 117 255 021 000 062 038 013 103 063 104 084 016
1011 000 060 017 000 171 255 021 000 078 032 026 147 090 135 085 012
1012 000 072 036 000 255 255 025 000 113 034 019 169 133 183 093 001
1013 000 070 087 007 255 255 043 000 200 062 013 166 185 224 122 009
1014 000 059 119 015 255 255 021 000 254 077 017 149 190 223 083 009
1015 012 053 138 033 255 255 012 000 255 115 049 137 201 201 069 015
1016 036 041 137 028 254 255 025 000 255 100 084 118 214 178 093 047
1017 043 026 120 006 255 255 034 000 252 062 093 088 209 160 106 035
1018 062 003 083 000 255 255 054 000 191 037 119 050 207 157 140 027
1019 062 000 048 000 255 255 063 000 131 046 121 033 194 169 161 025
1020 044 000 027 000 255 255 073 000 094 044 093 035 179 186 179 021
1021 017 024 036 000 255 255 059 000 111 044 055 089 145 182 156 039
1022 006 049 058 003 255 255 046 000 150 057 040 132 118 165 129 048
1023 002 065 090 015 255 255 033 011 207 081 033 162 124 125 106 074
1024 002 051 099 000 255 255 011 013 223 047 033 130 139 089 068 076
1025 009 027 097 000 255 255 018 014 217 043 046 089 151 064 080 081
1026 023 032 102 000 255 118 017 014 226 027 063 098 169 060 078 077
1027 034 028 104 000 255 237 000 019 234 009 082 094 163 048 048 089
1028 038 027 090 001 255 255 008 013 208 048 084 091 142 063 061 075
1029 041 021 055 000 255 255 018 007 147 038 087 079 165 091 081 066
1030 032 014 019 014 255 255 038 001 080 074 076 068 214 118 111 051
1031 044 004 015 000 255 255 024 000 077 022 094 050 254 163 089 036
1032 057 013 008 000 255 255 000 000 062 020 112 070 255 221 052 034
1033 060 026 001 000 255 255 000 000 052 046 118 094 255 244 044 004
