0000 07-07-77 09:08:14 +25C 65535   325   16   5 Ê28
0001 255 003 003 051 255 255 038 000 054 141 255 051 255 255 112 000
0002 255 001 000 030 255 255 008 000 042 102 255 048 255 255 063 000
0003 255 000 000 007 255 255 001 000 042 063 255 044 255 255 050 000
0004 254 000 000 000 255 255 018 000 034 026 255 027 255 255 078 002
0005 239 000 000 000 255 255 018 000 000 020 255 018 243 255 082 000
0006 227 000 000 000 255 255 028 000 000 051 255 028 235 255 098 000
0007 215 000 000 025 255 255 033 000 000 098 255 030 218 255 108 000
0008 217 000 000 033 255 255 038 000 002 109 255 018 199 255 112 000
0009 221 000 000 027 255 255 019 000 016 099 255 004 188 255 080 000
0010 235 000 000 015 255 255 003 000 018 078 255 000 194 255 053 000
0011 238 000 000 000 255 255 000 000 023 045 255 000 208 255 026 000
0012 223 000 001 000 255 255 000 000 049 012 255 012 230 255 036 000
0013 193 000 007 000 255 255 000 000 060 006 255 033 255 255 042 000
0014 165 000 002 000 255 255 000 000 052 025 255 040 255 255 048 000
0015 138 000 000 000 255 255 008 000 026 019 228 039 255 255 065 000
0016 105 000 000 000 255 255 003 000 011 004 182 042 255 255 055 000
0017 074 000 000 000 255 255 021 000 005 014 137 040 255 255 088 000
0018 050 000 000 000 255 255 070 000 000 035 106 021 255 255 172 000
0019 042 000 000 000 255 255 073 000 000 041 094 020 255 255 175 034
0020 038 000 000 000 255 255 067 000 000 042 088 007 255 255 164 000
0021 038 000 000 000 255 255 043 000 006 037 085 000 251 255 134 000
0022 043 000 000 000 255 255 025 000 016 036 096 000 192 255 090 000
0023 044 000 000 000 255 255 025 000 019 022 096 000 144 255 093 000
0024 025 000 000 000 255 255 012 000 016 019 067 013 105 255 066 000
0025 024 000 000 000 255 255 007 000 008 024 066 019 087 255 060 000
0026 031 000 000 000 255 255 013 000 014 016 076 013 091 255 071 000
0027 041 000 000 000 255 255 026 000 026 019 089 006 085 255 096 000
0028 039 000 000 000 255 255 027 000 042 011 084 005 090 255 095 000
0029 020 000 000 000 255 255 020 001 033 002 057 023 093 255 083 000
0030 000 009 000 000 255 255 022 000 004 020 028 064 092 255 090 000
0031 000 025 000 000 255 255 020 000 001 038 014 090 100 255 082 000
0032 000 034 000 015 255 255 006 000 000 079 017 104 104 255 058 000
0033 000 027 000 042 255 255 001 000 000 127 030 092 114 255 048 000
0034 009 023 000 064 255 255 000 000 004 166 044 084 125 255 038 000
0035 020 012 000 079 255 255 000 000 020 192 059 067 134 255 020 024
0036 033 000 000 066 255 255 000 000 027 168 080 047 163 255 040 000
0037 032 000 000 035 255 255 000 000 022 112 074 018 204 255 025 000
0038 019 000 000 014 255 255 000 000 023 075 058 007 255 255 000 000
0039 007 000 000 007 255 255 000 000 014 064 042 015 255 255 006 001
0040 013 000 000 000 255 255 000 000 004 048 050 045 255 255 011 014
0041 029 013 000 000 255 255 000 000 000 027 073 069 249 255 028 008
0042 037 015 000 000 255 255 000 000 000 024 083 072 215 255 035 015
0043 039 014 000 000 255 255 000 000 000 031 085 070 202 255 043 028
0044 039 015 000 000 255 255 012 000 010 041 086 072 208 255 067 015
0045 037 010 000 000 255 255 008 000 016 048 083 062 214 255 061 008
0046 040 007 000 025 255 255 014 000 010 096 087 057 219 255 072 004
0047 036 004 000 047 255 255 005 000 000 135 081 053 205 255 059 000
0048 037 002 000 046 255 255 003 000 004 134 094 048 190 255 052 000
0049 049 000 000 040 255 255 000 000 019 121 099 042 177 255 040 000
0050 058 000 000 022 255 255 000 000 025 090 113 026 174 255 018 000
0051 059 000 000 003 255 255 000 000 032 056 114 015 195 255 016 000
0052 059 000 000 000 255 255 000 000 027 020 114 000 240 255 019 000
0053 048 000 000 000 255 255 000 000 016 023 107 000 255 255 017 000
0054 049 000 000 002 255 255 000 000 000 056 100 003 255 255 003 006
0055 045 000 000 013 255 255 000 000 000 077 096 000 255 255 001 009
0056 045 000 000 016 255 255 000 000 000 080 095 000 255 255 023 011
0057 043 000 000 007 255 255 000 000 000 063 092 000 255 255 042 004
0058 035 000 000 000 255 255 008 000 000 029 078 000 251 255 064 000
0059 037 000 000 000 255 255 035 000 000 009 083 000 247 255 109 021
0060 036 000 000 000 255 255 034 000 000 009 083 011 251 255 108 000
0061 033 000 000 000 246 255 025 000 000 008 077 003 253 255 091 000
0062 041 000 000 000 159 255 024 000 000 018 090 000 255 255 089 000
0063 050 000 000 000 145 255 009 000 000 007 102 000 255 255 062 000
0064 074 000 000 000 138 255 000 000 000 000 139 000 255 255 048 000
0065 098 000 000 000 130 255 007 000 000 004 173 030 255 255 064 000
0066 121 001 000 000 155 255 000 000 000 039 205 046 255 255 044 000
0067 149 000 000 012 212 255 005 002 000 077 241 044 255 255 060 000
0068 163 000 000 032 186 255 001 000 000 113 254 028 255 255 051 000
0069 170 000 000 044 130 255 003 000 000 133 255 009 255 255 052 007
0070 183 000 000 041 080 255 004 000 000 126 255 013 255 255 056 005
0071 165 000 000 026 054 255 012 000 000 097 254 021 255 255 070 000
0072 129 000 000 049 078 255 015 000 000 072 213 024 255 255 072 000
0073 094 000 000 009 109 255 000 000 000 067 164 019 255 255 044 000
0074 060 000 000 019 130 255 007 000 000 086 115 014 255 255 062 000
0075 033 000 000 025 165 255 029 000 000 095 076 005 255 255 098 000
0076 017 000 000 029 171 255 047 000 000 103 051 000 255 255 129 000
0077 006 000 000 036 166 255 049 000 000 116 036 000 246 255 131 000
0078 000 000 000 035 211 255 053 000 000 113 024 000 201 217 146 000
0079 000 000 000 035 255 255 070 000 000 114 016 000 127 168 172 000
0080 000 000 000 044 255 255 083 000 000 129 018 004 088 146 189 000
0081 000 000 000 045 255 255 067 000 000 130 024 011 077 170 162 000
0082 000 000 000 024 255 255 052 000 000 094 022 011 072 208 137 000
0083 000 000 000 006 255 255 032 000 000 061 017 005 077 242 103 000
0084 000 000 000 000 255 255 019 000 000 044 006 000 096 255 080 000
0085 000 000 000 000 255 255 000 000 000 043 008 000 124 255 038 000
0086 000 000 000 000 255 255 000 005 000 035 008 000 184 255 016 000
0087 000 000 000 000 255 255 000 000 000 020 005 002 239 255 040 000
0088 000 000 000 002 255 255 000 000 000 055 006 020 255 255 044 000
0089 000 000 000 010 255 255 000 000 004 069 001 026 255 255 040 000
0090 000 000 000 004 255 255 000 000 015 061 001 021 223 255 030 000
0091 000 000 000 000 255 255 000 000 001 052 000 011 145 255 014 000
0092 000 000 000 000 255 255 000 000 000 047 000 000 073 255 005 000
0093 000 000 000 000 255 255 000 000 009 051 000 006 032 255 006 000
0094 000 000 000 001 255 255 000 000 010 054 000 004 004 255 006 000
0095 000 000 000 009 255 255 000 000 010 067 000 014 000 255 002 000
0096 000 000 000 015 255 255 000 000 001 077 000 022 007 255 018 000
0097 000 000 000 017 255 255 000 000 007 080 000 027 013 255 002 014
0098 000 000 000 006 255 255 000 000 000 062 000 019 070 255 011 000
0099 000 000 000 000 255 255 000 000 000 038 000 027 114 255 063 000
0100 000 000 000 000 255 255 000 000 000 003 007 023 134 255 000 000
0101 000 000 000 000 255 255 000 000 000 031 000 016 155 255 000 000
0102 000 000 000 000 255 255 000 000 011 052 000 004 139 255 010 000
0103 000 000 000 004 255 255 000 000 039 059 000 005 126 255 000 000
0104 000 000 001 000 255 255 000 000 050 050 000 011 103 255 000 000
0105 000 000 000 000 255 255 000 000 030 024 000 026 085 255 000 000
0106 000 000 000 000 255 255 000 000 025 020 000 033 074 255 000 000
0107 000 000 000 000 255 255 000 000 027 037 000 032 064 255 000 000
0108 000 000 000 024 255 255 000 000 042 094 000 035 069 255 000 000
0109 000 000 000 044 255 255 000 000 038 133 000 047 071 255 000 000
0110 000 006 000 050 255 255 000 000 042 146 000 057 087 255 000 000
0111 000 005 000 046 255 255 000 000 018 133 000 053 094 255 000 000
0112 000 001 000 036 255 255 000 000 000 114 000 045 095 255 000 000
0113 000 001 000 011 255 255 000 000 026 069 000 046 123 255 000 000
0114 000 000 006 014 255 255 000 000 060 077 000 041 145 255 000 000
0115 000 000 024 029 255 255 000 000 091 102 000 028 167 255 000 006
0116 000 000 034 015 255 255 000 000 108 075 000 040 181 255 000 003
0117 000 004 031 003 255 255 000 005 102 057 000 054 173 255 000 000
0118 000 012 019 007 255 255 000 000 081 065 001 066 181 255 000 000
0119 000 011 000 023 255 255 000 000 039 095 001 065 188 255 000 000
0120 000 010 000 052 255 255 000 000 019 146 007 063 201 255 000 000
0121 000 003 000 087 255 255 000 000 002 207 013 051 214 255 000 000
0122 000 000 000 100 255 255 000 000 000 233 003 033 222 255 000 000
0123 000 000 000 084 255 255 000 000 012 201 011 024 249 255 000 000
0124 004 000 000 069 255 255 000 000 023 177 004 024 255 255 000 000
0125 000 000 000 066 255 255 000 004 015 173 000 023 255 255 000 000
0126 007 011 000 056 255 255 000 000 000 152 000 067 255 255 000 000
0127 000 036 000 056 255 255 000 000 000 150 000 110 255 255 000 000
0128 000 052 000 073 255 255 000 000 000 182 000 136 255 255 000 000
0129 000 068 000 109 255 255 000 000 000 249 000 162 255 255 014 000
0130 000 069 000 135 255 255 000 000 000 255 000 162 255 255 005 000
0131 000 058 000 168 255 255 000 000 008 255 042 141 255 255 024 000
0132 000 041 000 178 255 255 000 000 033 255 000 113 255 255 016 015
0133 000 012 000 162 255 255 000 000 043 255 006 064 234 255 023 000
0134 000 000 000 129 242 255 000 000 026 255 010 014 243 255 037 000
0135 000 000 000 121 196 255 002 000 000 255 006 008 247 255 051 000
0136 000 000 000 127 232 255 009 000 000 255 011 027 255 255 064 000
0137 000 000 000 143 255 255 007 000 010 255 001 030 255 255 057 000
0138 000 000 000 144 255 255 001 000 019 255 000 029 255 255 060 000
0139 000 000 000 127 255 255 004 000 018 255 000 044 255 255 052 009
0140 000 010 000 111 255 255 000 000 040 250 000 066 253 255 045 010
0141 000 009 002 090 255 255 000 000 052 213 015 065 236 255 022 018
0142 000 004 000 081 255 255 000 000 047 196 019 052 222 255 028 026
0143 000 000 000 069 255 255 002 000 010 174 011 029 222 255 053 015
0144 000 000 000 063 255 255 000 000 000 164 011 027 240 255 038 014
0145 000 000 000 076 255 255 000 000 001 187 008 029 255 255 025 004
0146 000 000 000 070 222 255 000 000 000 175 003 027 255 255 019 007
0147 000 000 000 054 181 255 000 000 000 146 000 027 255 255 020 008
0148 000 000 000 030 255 255 000 000 002 103 000 014 255 255 039 000
0149 000 000 000 014 255 255 000 000 000 077 000 003 255 255 037 000
0150 000 000 000 002 255 255 000 000 000 054 000 000 255 255 030 000
0151 000 000 000 008 255 255 001 000 000 067 000 000 255 255 048 000
0152 000 000 000 013 255 255 015 000 000 075 000 005 255 255 074 000
0153 000 000 000 028 255 255 013 000 000 107 000 000 251 255 070 000
0154 000 000 000 064 255 255 016 000 029 169 000 000 207 255 075 000
0155 000 000 002 076 255 255 004 000 051 192 000 000 173 255 055 000
0156 000 000 000 082 255 255 000 000 043 201 000 000 143 255 018 000
0157 000 000 000 089 255 255 000 000 018 211 000 000 137 255 028 002
0158 000 000 000 101 223 255 000 000 030 233 000 000 146 255 021 007
0159 000 000 000 095 255 255 000 000 028 223 000 000 146 255 030 016
0160 000 000 000 069 255 255 008 000 019 180 000 000 149 255 062 015
0161 000 000 000 042 255 255 000 000 038 128 000 000 111 255 043 009
0162 000 000 008 029 255 255 000 000 062 106 000 000 105 255 035 005
0163 000 000 005 021 255 255 000 000 056 092 000 000 110 255 027 000
0164 000 000 000 019 255 255 000 000 024 089 000 000 111 255 014 000
0165 000 000 000 024 255 255 000 000 000 096 000 000 135 255 019 000
0166 000 000 000 018 255 255 000 000 000 083 000 009 158 255 037 000
0167 000 000 000 009 255 255 002 000 000 067 000 000 182 255 064 000
0168 000 000 000 006 255 255 000 000 002 062 000 000 214 255 019 000
0169 000 000 000 000 255 255 000 000 020 049 000 012 190 255 007 000
0170 000 000 000 000 255 255 000 000 041 023 000 031 187 255 002 016
0171 000 000 004 000 255 255 000 000 057 028 000 040 156 255 000 000
0172 000 000 010 016 255 255 000 000 068 086 000 021 116 255 000 000
0173 000 000 005 045 255 255 000 000 060 132 000 000 077 255 000 000
0174 000 000 000 054 255 255 002 000 048 148 000 000 032 255 000 000
0175 000 000 000 056 255 255 001 000 027 154 000 000 015 255 000 000
0176 000 000 000 038 255 255 000 000 014 119 000 000 040 255 000 000
0177 000 000 000 022 255 255 000 000 010 090 000 000 063 255 000 000
0178 000 000 000 006 255 255 000 000 011 060 000 008 078 255 000 000
0179 000 000 000 000 255 255 000 000 020 041 000 029 093 255 000 000
0180 000 000 000 000 255 255 000 000 033 046 000 036 103 255 000 000
0181 000 000 000 014 255 255 000 000 040 075 000 030 096 255 000 000
0182 000 000 000 022 255 255 000 000 030 091 000 005 062 255 000 000
0183 000 000 000 037 255 255 000 000 007 120 000 000 030 255 000 000
0184 000 000 000 026 255 255 000 000 007 098 000 000 000 255 014 000
0185 000 000 000 000 255 255 000 000 014 046 000 001 000 255 015 000
0186 000 000 000 005 255 255 000 000 022 060 000 002 000 255 024 000
0187 000 000 000 011 255 255 000 000 017 072 000 010 000 255 017 000
0188 000 000 000 000 255 255 000 000 016 032 000 008 000 255 017 000
0189 000 000 000 000 255 255 000 000 005 020 011 003 000 255 015 000
0190 000 000 000 000 255 255 000 002 000 013 000 000 000 255 038 000
0191 000 000 000 000 255 255 004 000 000 011 000 000 000 255 056 000
0192 000 000 000 000 255 255 000 000 000 011 000 000 000 255 046 000
0193 000 000 000 000 255 255 007 000 000 024 000 000 000 255 061 000
0194 000 000 000 000 255 255 008 000 000 013 008 000 009 255 062 000
0195 000 000 000 000 255 255 000 000 016 041 006 000 007 255 040 000
0196 000 000 000 016 255 255 000 000 041 081 012 000 007 255 028 000
0197 000 000 000 030 255 255 000 000 049 106 003 000 009 255 010 000
0198 000 000 000 038 255 255 000 000 036 119 000 000 001 255 000 000
0199 000 000 000 031 255 255 000 000 005 105 000 000 000 255 011 000
0200 000 000 000 014 255 255 000 000 000 074 000 000 000 255 000 000
0201 000 000 000 008 251 255 001 000 000 066 000 000 000 255 000 039
0202 000 000 000 006 255 255 000 000 000 063 000 000 000 255 021 000
0203 000 000 000 010 255 255 000 000 000 070 000 000 000 255 000 000
0204 000 000 000 014 255 227 000 000 000 076 000 000 000 255 003 000
0205 000 000 000 000 255 255 000 000 000 048 000 000 011 255 004 000
0206 000 000 000 000 255 255 000 000 000 037 000 000 000 255 000 000
0207 000 000 000 000 255 255 000 000 000 049 000 007 000 255 000 000
0208 000 000 000 006 255 255 000 000 000 062 013 000 000 255 000 000
0209 000 000 000 005 255 255 000 000 000 061 000 000 001 255 000 000
0210 000 000 000 012 255 255 000 000 000 072 006 000 000 255 019 000
0211 000 000 000 006 255 255 000 000 000 061 000 000 000 255 000 000
0212 000 000 000 000 255 255 000 000 000 051 000 000 000 255 011 000
0213 000 000 000 007 255 255 000 000 000 064 000 000 000 255 022 000
0214 000 000 000 000 255 255 000 000 000 049 000 000 000 255 022 000
0215 000 000 000 000 255 255 000 000 000 034 000 000 000 255 033 000
0216 000 000 000 002 255 255 000 000 000 055 000 000 000 255 031 000
0217 000 000 000 003 255 255 000 000 002 058 000 000 000 255 011 000
0218 000 000 000 006 255 255 000 000 004 063 000 000 000 255 005 000
0219 000 000 000 001 255 255 000 000 000 053 000 000 000 255 000 000
0220 000 000 000 000 255 255 000 000 000 035 007 000 000 241 000 000
0221 000 000 000 000 255 255 000 000 000 023 007 000 000 220 025 000
0222 000 000 000 000 255 255 000 000 000 037 009 000 000 207 044 000
0223 000 000 000 000 255 255 000 000 000 021 008 000 000 169 044 000
0224 000 000 000 004 255 255 000 000 000 059 000 000 000 138 045 000
0225 000 000 000 017 255 255 000 000 000 086 000 000 000 119 039 000
0226 000 000 000 027 255 255 000 000 000 103 000 000 000 111 020 000
0227 000 000 000 013 255 255 000 000 000 076 000 008 001 106 024 000
0228 000 000 000 007 255 255 000 000 013 067 000 000 000 107 016 000
0229 000 000 000 000 255 255 000 000 018 042 000 000 000 115 007 000
0230 000 000 000 000 255 255 000 000 007 032 000 000 000 146 011 000
0231 000 000 000 000 255 255 000 000 000 052 009 000 000 201 011 000
0232 000 000 000 022 255 255 000 000 000 090 012 000 000 255 000 000
0233 000 000 000 032 255 255 000 000 000 108 001 000 000 255 011 000
0234 000 000 000 020 255 255 000 000 000 085 000 000 000 255 000 000
0235 000 000 000 000 255 255 000 000 000 046 000 000 000 255 000 010
0236 000 000 000 000 255 255 000 000 000 034 000 000 000 255 000 000
0237 000 000 000 000 255 255 000 000 007 035 000 000 000 255 000 000
0238 000 000 000 000 255 255 000 000 016 046 000 000 000 255 013 000
0239 000 000 000 003 255 255 000 000 025 056 000 000 000 255 000 000
0240 000 000 000 000 255 255 000 002 008 043 000 000 020 255 000 000
0241 000 000 000 000 255 255 002 000 013 050 000 000 000 255 000 000
0242 000 000 000 013 255 255 000 010 009 075 000 000 000 255 000 000
0243 000 000 000 022 255 255 000 000 000 091 000 000 000 255 000 020
0244 000 000 000 032 255 255 001 000 000 109 006 000 000 255 000 000
0245 000 000 000 034 255 255 000 000 000 112 000 000 000 255 000 000
0246 000 000 000 014 255 255 000 000 000 075 000 000 000 255 000 000
0247 000 000 000 000 255 255 000 000 006 045 000 000 000 255 000 000
0248 000 000 000 000 255 255 000 000 020 051 001 000 000 255 018 000
0249 000 000 000 007 255 255 000 000 022 064 000 000 000 255 000 000
0250 000 000 000 011 255 255 000 000 005 069 000 000 000 255 034 000
0251 000 000 000 003 255 255 000 000 000 056 000 000 000 255 026 000
0252 000 000 000 003 255 255 000 000 000 058 000 000 000 255 020 000
0253 000 000 000 004 255 255 000 000 014 058 000 000 000 255 027 000
0254 000 000 000 000 255 255 000 000 047 047 000 000 000 255 039 000
0255 000 000 007 001 255 255 001 000 061 052 000 000 000 255 050 000
0256 000 000 001 005 255 255 000 000 050 061 003 000 028 255 046 000
0257 000 000 000 013 255 255 000 000 045 076 000 000 000 255 038 009
0258 000 000 000 031 255 255 006 000 038 106 000 010 000 255 061 000
0259 000 000 000 040 255 255 017 000 026 123 000 036 000 255 077 000
0260 000 000 000 031 255 255 009 000 011 106 000 048 000 255 064 000
0261 000 002 000 014 255 255 010 000 002 076 000 050 000 255 066 000
0262 000 003 000 000 255 255 020 000 010 048 000 051 001 255 084 000
0263 009 000 000 000 255 255 038 007 022 010 000 043 000 255 079 000
0264 000 000 000 000 255 255 005 000 035 023 000 025 000 255 057 000
0265 000 000 000 000 255 255 000 000 037 049 000 004 000 255 052 000
0266 000 000 000 010 255 255 000 000 043 070 000 016 008 255 007 000
0267 000 000 003 021 255 255 000 000 054 088 000 014 018 255 000 000
0268 000 000 008 020 255 255 000 000 064 087 000 020 016 255 000 000
0269 000 000 014 007 255 255 000 002 074 063 000 044 022 255 009 000
0270 000 008 013 000 255 255 000 000 072 033 000 060 018 255 000 000
0271 000 021 014 000 255 255 000 000 075 032 000 083 024 255 002 000
0272 000 023 010 009 252 255 000 000 067 070 000 084 027 255 000 000
0273 000 029 002 016 255 255 000 000 059 083 000 099 024 255 001 000
0274 000 047 000 000 255 255 000 000 035 046 000 127 025 255 000 000
0275 000 063 000 000 255 255 000 000 025 018 000 154 030 255 000 000
0276 000 074 000 000 255 255 000 000 000 032 000 172 043 255 000 000
0277 000 070 000 003 255 255 000 000 000 055 000 164 081 255 000 000
0278 000 062 000 006 255 255 001 000 007 061 000 151 085 255 011 000
0279 000 050 000 004 255 255 000 000 020 057 000 130 071 255 000 000
0280 000 028 000 005 255 255 000 000 043 062 000 093 038 255 000 000
0281 000 008 008 016 255 255 000 000 063 081 000 059 031 255 000 000
0282 000 000 012 015 255 255 000 000 073 078 000 035 025 255 000 000
0283 000 000 000 013 255 255 000 000 050 073 000 097 009 255 000 012
0284 000 006 000 015 255 255 000 000 025 078 000 061 001 255 000 012
0285 000 019 000 017 255 255 010 000 000 082 000 080 020 255 000 003
0286 000 031 000 023 255 255 000 000 000 092 000 103 036 255 000 003
0287 000 037 000 020 255 255 015 000 014 086 000 112 043 255 000 013
0288 000 038 000 011 255 255 000 000 031 070 000 115 052 255 000 014
0289 000 033 000 008 255 255 000 000 021 066 000 099 068 255 010 019
0290 000 018 000 001 255 255 000 000 039 053 000 076 066 255 001 015
0291 000 018 000 009 255 255 000 000 048 067 000 076 053 255 000 000
0292 000 013 000 000 255 255 000 000 038 051 000 068 053 255 004 000
0293 000 023 000 000 255 255 000 000 002 047 000 088 046 255 003 000
0294 000 032 000 000 255 255 000 000 000 039 006 099 041 255 000 001
0295 000 033 000 000 255 255 000 000 013 028 000 102 039 255 000 000
0296 000 039 000 000 255 255 000 000 049 047 000 114 033 255 000 000
0297 000 048 016 002 255 255 000 000 078 054 000 134 023 255 000 028
0298 000 056 016 000 255 255 000 000 078 046 000 143 018 255 000 000
0299 000 066 014 000 255 255 000 000 075 013 000 160 012 255 000 000
0300 000 075 018 000 255 255 000 000 080 000 000 181 001 255 000 000
0301 000 080 014 000 255 255 000 000 074 026 000 187 002 255 000 000
0302 000 075 009 004 255 255 000 006 064 059 000 173 000 255 000 000
0303 000 055 003 002 255 255 000 000 053 055 000 142 000 255 000 013
0304 000 029 000 000 255 255 000 000 048 032 000 093 000 255 000 003
0305 000 007 000 000 255 255 000 000 034 022 000 056 000 255 000 003
0306 000 000 000 000 255 255 000 000 021 028 000 040 000 255 000 000
0307 000 000 000 000 220 255 000 000 024 027 000 035 000 255 000 003
0308 000 000 000 000 255 255 000 000 033 007 000 028 000 255 012 000
0309 000 000 000 000 255 255 000 000 023 000 000 007 000 255 000 011
0310 000 000 000 000 255 255 000 000 015 007 000 003 000 255 000 000
0311 000 000 000 000 255 255 000 000 004 016 000 000 000 255 000 000
0312 000 000 000 001 255 255 000 000 000 054 000 004 000 255 000 000
0313 000 000 000 013 255 255 000 000 011 078 000 012 000 255 000 000
0314 000 000 000 011 255 255 000 000 016 071 000 008 000 255 000 008
0315 000 000 000 004 255 255 000 000 034 058 000 002 000 255 000 000
0316 000 000 000 000 255 255 000 000 041 044 000 000 000 255 000 000
0317 000 000 000 000 255 255 000 000 043 018 000 000 004 255 000 000
0318 000 000 000 000 255 255 000 000 031 000 000 000 000 255 000 000
0319 000 000 000 000 255 255 000 000 030 019 000 018 000 255 000 000
0320 000 000 000 000 255 255 000 000 050 038 000 044 000 255 000 000
0321 000 003 009 000 255 255 000 000 065 031 000 050 000 255 000 000
0322 000 000 008 000 255 255 000 000 063 018 000 045 000 255 000 000
0323 000 000 000 000 255 255 000 000 039 021 000 040 000 255 000 000
0324 000 000 000 000 255 255 000 000 025 013 000 038 000 255 000 000
0325 000 000 000 000 255 255 001 000 005 015 000 034 000 255 000 000
0326 000 000 000 000 255 255 000 000 000 047 000 041 000 255 000 000
0327 000 000 000 019 255 255 000 000 018 087 000 037 025 255 000 000
0328 000 000 000 025 255 255 000 000 044 096 000 036 000 255 000 015
0329 000 000 004 031 255 255 000 000 057 109 000 015 000 255 000 000
0330 000 000 000 036 255 255 000 000 031 114 000 000 000 255 000 000
0331 000 000 000 022 255 255 000 000 000 091 000 000 000 255 000 000
0332 000 000 000 023 255 255 000 000 000 091 000 000 000 255 000 000
0333 000 000 000 013 255 255 000 000 008 076 000 001 001 255 000 000
0334 000 000 000 006 255 255 000 000 014 062 000 039 000 255 000 009
0335 000 014 000 004 255 255 000 000 014 057 000 071 000 255 000 008
0336 000 020 000 000 255 255 000 000 000 047 000 080 000 255 000 003
0337 000 019 000 010 255 255 000 000 000 070 000 078 000 255 000 005
0338 000 016 000 030 255 255 000 000 026 104 000 075 000 255 000 003
0339 000 018 000 019 255 255 000 000 040 084 000 077 000 255 000 009
0340 000 007 000 005 255 255 000 000 028 060 000 057 000 255 000 000
0341 000 000 000 000 255 255 000 000 010 024 000 044 000 255 000 000
0342 000 000 000 000 255 255 000 000 000 045 000 026 000 255 000 000
0343 000 000 000 006 255 255 000 000 000 062 000 003 000 255 000 000
0344 000 000 000 007 255 255 004 000 000 063 000 000 000 255 000 000
0345 000 000 000 018 255 255 000 000 000 083 000 000 000 255 000 000
0346 000 000 000 028 255 255 000 000 000 102 000 000 000 255 000 000
0347 000 000 000 031 255 255 000 000 006 107 000 000 000 255 000 000
0348 007 000 000 033 255 255 000 000 007 110 000 001 000 255 000 000
0349 000 000 000 019 255 255 000 000 022 085 000 000 000 255 000 000
0350 000 000 000 017 255 255 000 000 042 082 000 000 000 255 000 000
0351 000 000 002 025 255 255 000 000 053 097 000 000 000 255 000 000
0352 000 000 002 018 255 255 000 000 052 084 000 002 000 255 000 000
0353 000 000 000 010 255 255 000 000 043 070 000 000 000 255 000 000
0354 000 000 000 000 255 255 000 000 044 041 000 000 000 255 000 000
0355 000 000 001 000 255 255 000 000 049 045 000 000 000 255 000 000
0356 000 000 000 000 255 255 003 000 042 046 000 000 000 255 000 000
0357 000 000 000 000 255 255 000 000 031 017 000 000 000 255 000 000
0358 000 000 000 000 255 255 000 000 030 013 008 000 000 255 000 000
0359 000 000 000 000 255 255 000 000 040 005 000 000 000 255 000 000
0360 000 000 000 000 255 255 000 000 048 007 000 005 000 255 012 000
0361 000 000 002 000 255 255 000 000 052 035 000 000 000 255 000 000
0362 000 000 006 014 255 255 000 000 060 076 000 000 000 255 000 000
0363 000 000 000 041 255 255 001 000 048 125 000 000 000 255 000 000
0364 000 000 000 067 255 255 000 000 021 174 000 000 000 255 000 000
0365 000 009 000 071 255 255 000 000 000 181 000 000 000 255 000 000
0366 000 000 000 057 255 255 000 000 000 156 000 004 000 255 000 000
0367 000 000 000 019 255 255 000 000 002 090 000 007 000 255 000 000
0368 000 000 000 006 255 255 000 000 032 064 000 009 000 255 000 000
0369 000 000 000 000 255 255 000 000 026 043 000 012 000 255 000 000
0370 000 000 000 000 255 255 000 000 014 035 000 010 000 255 000 000
0371 000 000 000 019 255 255 000 000 016 087 000 000 000 255 000 000
0372 000 000 000 021 255 255 000 000 032 089 000 004 000 255 000 000
0373 000 000 012 019 255 255 000 000 070 085 000 007 000 255 000 000
0374 000 000 024 012 255 255 000 000 093 074 000 011 000 255 017 000
0375 000 000 015 005 255 255 001 000 078 060 000 012 000 255 000 000
0376 000 000 004 001 255 255 000 000 056 053 000 000 000 255 035 010
0377 000 000 000 019 255 255 000 000 017 084 000 000 000 255 000 000
0378 000 000 000 017 255 255 000 000 000 081 000 008 000 255 015 000
0379 000 000 000 000 255 255 000 000 014 044 000 016 000 255 000 000
0380 000 000 000 000 255 255 000 000 048 043 000 018 000 255 000 000
0381 000 000 007 004 255 255 000 000 061 059 000 008 000 255 000 000
0382 000 000 003 013 255 255 000 000 054 074 000 012 002 255 000 000
0383 000 000 004 014 255 255 000 000 055 075 000 014 009 255 000 000
0384 000 000 009 000 214 255 000 000 063 045 000 017 008 255 000 000
0385 000 000 008 000 165 255 000 000 062 017 000 011 005 255 000 000
0386 000 000 012 016 173 255 000 000 069 081 000 021 004 255 000 000
0387 000 000 016 040 255 255 000 021 077 123 000 044 010 255 026 010
0388 000 004 030 052 255 255 000 000 102 144 000 053 024 255 000 000
0389 000 001 036 059 255 255 000 000 110 157 000 045 042 255 000 000
0390 000 000 038 060 255 255 000 000 113 160 000 017 054 255 000 000
0391 000 000 041 055 255 255 000 004 122 150 000 000 071 255 000 000
0392 000 000 058 047 255 255 000 000 148 133 000 000 099 255 003 000
0393 000 000 055 009 255 255 000 000 145 065 000 000 125 255 005 000
0394 000 000 051 000 255 255 000 000 139 017 000 000 135 255 000 000
0395 000 000 043 000 255 255 000 000 126 033 002 000 135 255 006 000
0396 000 002 039 011 255 255 000 000 116 071 019 000 128 255 019 000
0397 000 000 031 015 255 255 000 000 102 079 025 000 111 255 037 000
0398 000 000 015 008 255 255 000 000 073 066 019 000 094 255 012 000
0399 000 000 004 000 255 255 000 000 056 032 000 000 063 255 022 000
0400 000 000 012 000 255 255 000 000 070 030 000 000 024 255 024 000
0401 000 000 031 000 255 255 012 000 104 046 000 000 000 255 026 000
0402 000 000 036 000 255 255 000 000 111 045 000 000 034 255 013 000
0403 000 000 033 014 255 255 000 000 105 076 007 000 065 255 000 000
0404 000 000 030 029 255 255 018 000 101 103 025 000 092 255 004 000
0405 005 000 028 046 255 255 000 000 097 133 037 000 098 255 000 000
0406 012 000 020 059 255 255 000 000 083 157 048 000 087 255 000 000
0407 025 000 005 061 255 255 000 000 058 160 067 000 074 255 004 000
0408 028 000 003 050 255 255 000 000 055 139 072 000 062 255 014 000
0409 024 000 023 035 255 255 000 000 089 112 063 000 047 255 000 000
0410 016 000 024 031 255 255 000 000 091 107 054 000 030 255 011 000
0411 008 000 039 035 255 255 000 000 117 114 039 000 012 255 031 000
0412 000 000 041 032 255 255 000 000 120 108 026 000 000 255 041 000
0413 000 000 036 018 255 255 000 000 110 083 025 000 005 255 044 000
0414 000 000 026 005 255 255 000 000 093 062 019 000 000 255 043 000
0415 000 000 013 025 255 255 000 000 070 098 013 000 000 255 037 000
0416 000 000 009 035 255 255 000 000 065 113 000 000 000 255 033 000
0417 000 000 024 039 255 255 000 000 090 121 000 000 000 255 032 000
0418 000 000 035 034 255 255 000 000 109 113 000 000 000 255 031 000
0419 000 000 029 021 255 255 000 000 099 089 000 000 000 255 007 000
0420 000 000 028 026 255 255 000 000 096 098 000 000 000 255 000 010
0421 000 000 024 030 255 255 000 000 091 103 000 001 000 255 000 000
0422 000 000 021 035 255 255 000 000 085 117 000 000 000 255 000 000
0423 000 000 023 044 255 255 000 000 089 129 000 000 000 255 000 000
0424 000 000 023 034 255 255 000 000 092 112 000 000 000 255 000 000
0425 000 000 026 023 255 255 000 000 097 093 000 000 000 255 000 000
0426 000 000 028 026 255 255 000 000 100 102 000 000 000 255 000 010
0427 000 000 014 025 255 255 000 000 072 101 000 000 000 255 000 000
0428 000 000 000 010 255 255 000 000 027 071 000 000 000 255 000 000
0429 000 000 000 000 255 255 000 000 022 034 000 000 000 255 000 000
0430 000 000 005 008 255 255 000 000 059 067 004 000 000 255 000 000
0431 000 000 027 033 255 255 000 000 096 110 000 000 000 255 000 000
0432 000 000 029 030 255 255 000 000 099 104 051 000 000 255 000 000
0433 000 000 026 001 255 255 000 000 094 051 000 000 000 255 014 000
0434 000 000 010 000 255 255 000 000 065 035 000 000 000 255 000 000
0435 000 000 005 013 255 255 000 000 057 077 000 000 000 255 000 000
0436 004 000 000 034 255 255 000 000 038 111 000 000 000 255 000 000
0437 000 000 000 031 255 255 008 000 040 107 000 000 000 253 000 000
0438 000 000 000 028 255 255 000 000 033 103 000 000 000 246 000 000
0439 000 000 000 021 255 255 000 000 025 092 000 000 000 238 000 000
0440 000 000 000 017 255 255 000 000 045 085 000 000 000 217 000 000
0441 000 000 011 023 255 255 000 000 068 093 000 000 000 194 000 000
0442 000 000 014 025 255 255 000 000 072 096 000 000 000 177 000 000
0443 000 000 009 018 255 255 000 000 064 082 000 000 000 173 000 000
0444 000 000 004 011 255 255 000 016 056 070 000 000 000 188 000 000
0445 000 000 002 004 255 255 000 000 052 058 000 000 000 205 000 000
0446 000 000 008 000 255 255 002 000 065 047 000 000 000 211 000 000
0447 000 000 011 012 255 255 000 000 071 073 000 000 000 226 000 000
0448 000 000 011 045 255 255 001 000 067 133 000 000 000 232 000 000
0449 000 000 002 058 255 255 000 000 051 154 000 000 000 230 000 000
0450 000 000 000 047 255 255 000 000 022 133 000 000 000 206 000 000
0451 000 000 000 009 255 255 000 000 012 066 000 000 000 179 000 000
0452 000 000 000 000 255 255 000 000 044 018 000 000 000 114 000 000
0453 000 000 014 000 255 255 000 000 073 010 000 000 000 088 000 000
0454 000 000 015 001 255 255 000 000 074 055 000 000 000 109 000 000
0455 000 000 012 037 255 255 000 000 069 120 000 000 000 209 000 000
0456 000 000 014 047 255 255 000 000 073 135 000 000 000 255 000 000
0457 000 000 000 033 255 255 000 000 047 109 000 000 000 255 000 000
0458 000 000 000 036 255 255 000 000 035 119 000 000 000 255 000 000
0459 000 000 007 049 255 255 000 000 062 145 000 000 000 255 000 000
0460 000 000 008 044 255 255 000 000 063 133 000 000 000 255 000 000
0461 000 000 001 034 255 255 000 000 049 111 000 000 000 255 000 009
0462 000 000 000 050 255 255 000 000 040 139 000 000 000 255 000 000
0463 000 000 003 036 255 255 000 000 055 116 000 000 000 255 035 000
0464 000 000 008 058 255 255 000 000 062 159 000 000 000 255 000 000
0465 000 000 001 068 255 255 000 000 054 175 000 002 000 255 000 000
0466 000 000 009 060 255 255 000 000 063 160 000 000 000 255 000 000
0467 000 000 004 043 255 255 000 000 057 128 000 000 000 255 000 000
0468 000 000 001 042 255 255 000 003 052 126 000 000 000 255 000 000
0469 000 000 016 027 255 255 000 000 078 098 000 000 000 255 000 009
0470 000 000 038 001 255 255 000 000 116 056 019 000 000 255 000 011
0471 000 000 057 003 255 255 006 000 149 058 000 000 000 255 000 000
0472 000 000 061 037 255 255 000 000 155 118 000 000 000 255 000 000
0473 000 000 060 054 255 255 000 000 154 147 000 000 000 255 000 000
0474 000 000 040 059 255 255 000 000 116 155 000 000 000 255 000 000
0475 000 000 017 056 255 255 000 000 079 152 000 000 000 255 000 000
0476 000 000 015 062 255 255 000 000 075 161 000 000 000 255 000 010
0477 000 000 005 078 255 255 000 000 058 191 000 000 000 255 000 000
0478 000 000 014 084 255 255 000 000 074 200 000 000 000 255 025 000
0479 000 000 020 084 255 255 000 013 083 205 000 000 000 255 000 000
0480 000 000 035 093 255 255 000 000 110 217 000 000 000 255 000 000
0481 000 000 045 103 255 255 000 000 127 234 000 000 000 255 000 000
0482 000 000 043 103 255 255 000 000 123 233 006 000 000 255 000 007
0483 000 000 046 089 255 255 000 000 128 210 000 000 000 255 000 017
0484 000 000 050 073 255 255 000 000 136 180 000 000 000 255 000 009
0485 000 000 050 068 255 255 000 000 136 174 000 006 000 255 000 017
0486 000 000 029 068 255 255 000 000 099 172 000 000 000 255 000 029
0487 000 000 028 074 255 255 000 000 099 183 000 000 000 255 000 011
0488 000 000 044 077 255 255 000 000 130 189 000 000 000 255 000 022
0489 000 000 046 077 255 255 000 000 132 188 000 000 000 255 000 000
0490 000 000 053 077 255 255 000 000 145 189 000 000 000 255 005 000
0491 000 000 043 082 255 255 000 000 127 200 000 000 000 255 000 000
0492 000 000 033 068 255 255 000 000 110 177 000 000 000 255 000 000
0493 000 000 019 038 255 255 000 000 083 118 000 021 000 255 000 010
0494 000 000 013 016 255 255 000 000 073 079 000 018 000 255 000 012
0495 000 000 018 010 255 255 000 000 080 069 000 007 000 255 000 014
0496 000 002 022 036 255 255 000 000 088 117 000 007 000 255 000 000
0497 000 000 028 075 255 255 000 000 098 185 000 004 000 255 000 014
0498 000 000 015 087 255 255 000 000 074 211 000 013 000 255 000 012
0499 000 000 010 089 255 255 000 000 064 209 000 000 001 255 000 033
0500 000 000 021 066 255 255 000 000 086 167 000 007 010 255 000 037
0501 000 000 044 040 255 255 000 000 125 121 000 027 007 255 000 017
0502 000 001 056 025 255 255 000 000 146 094 000 047 019 255 000 027
0503 000 001 046 015 255 255 000 000 127 076 000 046 000 255 000 032
0504 000 000 030 014 255 255 000 000 100 075 000 041 008 255 000 046
0505 000 000 019 013 255 255 000 005 081 074 000 046 021 255 007 064
0506 000 000 022 011 255 255 000 005 087 070 000 035 042 255 000 065
0507 000 003 022 000 255 255 000 000 087 049 000 050 050 255 000 034
0508 000 010 014 000 255 255 000 000 073 025 000 064 046 255 009 008
0509 000 005 030 000 255 255 000 000 101 035 000 056 044 255 016 026
0510 000 000 033 000 255 255 000 000 108 028 000 033 055 255 012 026
0511 000 011 019 000 255 255 000 000 081 020 024 066 085 255 009 000
0512 001 029 010 000 255 255 000 000 067 018 032 096 116 255 008 015
0513 006 032 015 000 255 255 000 000 076 012 041 099 154 255 029 010
0514 021 030 020 000 255 255 000 000 084 019 061 095 205 255 030 029
0515 035 037 029 000 255 255 000 000 099 014 081 109 243 255 043 048
0516 041 053 034 000 255 255 010 000 108 023 091 137 255 255 067 042
0517 042 059 037 000 255 255 011 001 112 040 091 146 248 255 069 053
0518 039 060 028 000 255 255 008 000 097 043 086 148 216 255 063 047
0519 030 047 024 002 255 255 006 000 093 055 073 125 164 255 057 044
0520 024 029 026 026 255 255 005 000 097 100 065 095 161 255 056 028
0521 029 020 035 047 255 255 001 000 113 135 073 080 232 255 049 020
0522 027 010 038 058 255 255 001 000 116 154 070 063 255 255 049 012
0523 025 005 029 056 255 255 011 000 098 150 066 056 255 255 067 026
0524 019 010 022 060 255 255 023 000 089 157 058 062 255 255 087 044
0525 010 000 014 071 255 255 016 000 073 178 044 022 255 255 075 044
0526 002 000 003 070 255 255 014 000 054 178 034 000 255 255 073 026
0527 001 000 000 059 255 255 032 000 045 156 030 041 255 255 103 008
0528 000 002 000 041 255 255 033 000 044 123 021 056 255 255 104 016
0529 000 012 013 026 255 255 040 000 072 097 006 066 255 255 115 040
0530 000 023 024 014 255 255 037 000 090 076 029 085 255 255 112 032
0531 037 023 031 005 255 255 045 000 106 062 087 084 255 255 125 049
0532 045 021 022 006 255 255 038 004 088 061 096 086 255 255 119 060
0533 031 023 015 012 255 255 032 012 075 073 077 085 255 255 100 073
0534 011 011 001 006 255 255 002 016 051 061 046 063 255 255 049 083
0535 000 000 032 000 255 255 000 017 104 002 021 034 255 255 045 086
0536 017 000 037 000 255 255 010 007 112 000 059 043 255 255 066 065
0537 038 007 026 000 255 255 007 000 092 034 087 060 255 255 061 045
0538 048 017 000 011 255 255 000 000 034 073 099 075 255 255 040 001
0539 044 025 000 031 255 255 003 000 010 107 091 087 255 255 053 004
0540 023 016 000 029 255 255 000 000 034 102 062 076 255 255 041 002
0541 000 021 018 018 255 255 000 000 081 085 024 084 255 255 044 000
0542 000 035 032 019 255 255 004 000 105 085 004 105 255 255 060 001
0543 000 044 039 027 255 255 000 000 117 098 000 122 255 255 032 000
0544 000 037 037 034 255 255 000 000 111 112 000 112 249 255 013 043
0545 000 027 014 057 255 255 000 000 074 152 008 093 217 255 024 007
0546 000 019 020 059 255 255 000 000 083 156 013 077 195 255 004 000
0547 000 007 014 049 255 255 000 000 077 140 012 058 174 255 009 000
0548 000 002 026 041 255 255 000 000 093 123 009 053 154 255 011 005
0549 000 014 030 007 255 255 000 000 100 064 013 075 143 255 012 000
0550 000 021 016 014 255 255 000 000 079 077 010 085 119 255 004 000
0551 000 033 016 027 255 255 000 000 079 099 006 105 100 255 000 018
0552 000 037 032 028 255 255 000 000 107 105 000 112 088 255 010 029
0553 000 032 034 051 255 255 000 000 108 142 000 103 062 255 000 039
0554 000 015 030 056 255 255 001 000 101 150 000 071 046 255 000 026
0555 000 006 018 052 255 255 000 000 080 142 000 060 050 255 000 035
0556 000 012 000 031 255 255 000 000 047 104 000 067 077 255 000 006
0557 000 018 000 011 255 255 000 000 026 071 000 077 125 255 000 005
0558 000 026 000 007 255 255 000 000 027 064 009 091 146 255 000 016
0559 000 036 000 000 255 255 000 000 044 049 016 107 161 255 000 029
0560 000 039 000 000 255 255 000 000 047 031 018 111 159 255 000 016
0561 000 014 009 000 255 255 000 000 067 037 011 068 139 255 000 020
0562 000 000 011 000 255 255 000 000 068 052 026 037 119 255 000 032
0563 000 004 000 008 255 255 000 000 046 066 028 052 106 255 000 010
0564 000 008 002 010 255 255 000 000 051 070 029 060 106 255 000 005
0565 001 005 000 008 255 255 000 000 027 067 032 053 127 255 000 008
0566 002 000 000 008 255 255 000 000 033 066 040 036 142 255 000 013
0567 012 000 003 000 255 255 000 000 055 036 051 035 141 255 000 018
0568 026 000 010 000 255 255 000 000 067 045 070 034 137 255 000 017
0569 030 000 010 000 255 255 000 000 067 047 076 042 143 255 009 005
0570 026 000 011 000 255 255 000 000 068 033 070 044 132 255 000 000
0571 021 000 004 000 255 255 000 000 055 028 062 025 128 255 000 024
0572 024 000 000 000 255 255 000 002 028 017 067 015 128 255 000 058
0573 026 000 005 000 255 255 000 011 059 002 070 027 126 255 000 073
0574 016 003 008 000 255 255 000 002 062 000 056 051 093 255 000 056
0575 016 000 000 000 255 255 000 000 040 000 055 036 068 255 000 035
0576 012 000 000 000 255 255 000 000 027 021 051 012 051 255 000 016
0577 009 000 000 000 255 255 000 000 024 037 046 012 039 255 000 000
0578 007 000 000 006 255 255 000 000 019 061 042 001 035 255 000 000
0579 006 000 000 017 255 255 000 000 019 081 039 000 024 255 000 000
0580 005 000 000 005 255 255 000 000 019 060 040 000 014 255 000 000
0581 009 000 001 000 255 255 007 000 051 039 045 000 011 255 000 000
0582 017 000 024 000 255 255 000 000 092 026 057 000 009 255 000 000
0583 016 000 056 000 255 255 000 000 151 016 055 000 029 255 017 000
0584 009 000 068 000 255 255 000 000 171 003 044 000 047 255 009 003
0585 002 000 064 000 255 255 000 000 163 004 033 001 072 255 018 022
0586 009 000 060 000 255 255 000 000 153 032 044 000 096 255 009 023
0587 022 000 051 000 255 255 000 000 139 038 065 008 118 255 014 005
0588 038 000 040 000 255 255 000 000 118 038 088 006 143 255 026 007
0589 053 000 017 000 255 255 000 000 077 030 111 016 163 255 028 004
0590 066 000 000 000 255 255 000 000 045 009 128 028 184 255 028 020
0591 067 000 000 000 255 255 000 000 050 000 131 002 214 255 034 012
0592 068 000 032 000 255 255 002 000 106 000 132 000 238 255 051 022
0593 064 000 061 000 255 255 001 000 156 000 125 000 250 255 048 018
0594 066 000 068 000 255 255 003 000 166 000 130 008 255 255 053 007
0595 075 000 066 000 255 255 004 000 167 000 143 010 255 255 053 002
0596 084 000 056 000 253 255 000 000 145 000 154 001 255 255 042 007
0597 082 000 043 000 209 255 000 000 126 000 153 005 255 255 005 008
0598 067 000 034 000 208 255 000 000 108 000 126 005 255 255 012 000
0599 050 000 024 000 255 255 004 000 089 000 102 000 255 255 013 000
0600 019 000 010 000 255 255 000 000 065 000 057 003 214 226 039 000
0601 008 000 003 000 255 255 002 000 053 000 042 000 184 184 052 000
0602 008 000 005 000 255 255 010 000 058 000 041 000 177 180 065 000
0603 009 000 013 000 255 255 000 000 072 000 045 000 166 181 036 000
0604 006 000 020 000 255 255 000 000 084 000 038 000 138 182 001 000
0605 000 000 035 000 255 255 000 000 110 000 024 000 101 181 000 000
0606 000 000 053 000 255 255 000 000 141 000 015 000 054 184 000 000
0607 000 000 059 000 255 255 000 000 152 000 001 019 038 199 000 000
0608 000 002 062 000 255 255 000 000 158 022 000 054 042 235 000 000
0609 000 010 076 000 255 255 000 000 181 031 000 065 047 255 000 000
0610 000 005 085 000 255 255 000 000 196 047 000 053 044 255 000 000
0611 000 000 063 002 255 255 000 000 160 055 000 035 044 255 000 000
0612 000 000 033 014 255 255 000 000 106 077 000 035 040 246 000 000
0613 000 007 011 028 255 255 000 000 066 100 000 040 041 212 000 000
0614 000 000 027 027 255 255 000 000 096 098 000 036 052 188 000 000
0615 000 000 056 017 255 255 000 000 146 082 000 015 035 181 000 000
0616 000 000 062 000 255 255 000 000 162 049 000 005 038 177 000 000
0617 000 000 061 000 255 255 000 000 154 019 000 009 047 188 000 000
0618 000 000 033 000 255 255 000 000 106 000 000 013 062 203 000 000
0619 000 000 007 000 255 255 000 000 061 000 000 029 072 206 000 000
0620 000 000 000 000 255 255 000 000 035 000 000 039 077 216 000 000
0621 000 004 000 000 255 255 000 000 045 014 000 056 079 234 000 000
0622 000 001 000 000 255 255 000 000 044 023 000 049 074 253 000 000
0623 000 000 000 000 255 255 000 000 027 029 000 034 071 255 000 000
0624 000 000 000 000 255 255 000 000 035 020 000 035 054 255 000 011
0625 000 000 000 000 255 255 000 013 037 018 000 045 033 255 000 007
0626 000 008 000 000 255 255 000 000 023 016 000 063 021 255 000 001
0627 000 011 000 000 255 255 000 000 014 014 000 066 018 255 000 009
0628 000 004 000 000 255 255 000 000 030 021 000 053 032 255 000 014
0629 000 004 000 000 255 255 000 000 037 004 000 054 044 237 000 012
0630 000 006 000 000 255 255 000 000 018 000 000 057 055 214 000 016
0631 000 002 000 000 255 255 000 000 000 000 000 050 044 199 000 013
0632 000 005 000 000 255 255 000 000 000 000 000 055 045 222 000 021
0633 000 008 000 000 255 255 000 000 007 023 000 060 052 230 000 050
0634 000 015 000 000 255 255 000 000 035 048 000 074 058 227 000 013
0635 000 016 000 015 255 255 000 000 044 079 000 077 057 231 000 005
0636 000 020 000 027 255 255 000 000 042 100 000 079 058 242 000 002
0637 000 030 000 041 255 255 000 000 024 124 000 098 056 254 000 000
0638 000 038 000 055 255 255 000 000 004 150 000 112 063 255 000 000
0639 000 042 000 060 255 255 000 000 000 159 000 116 054 255 000 000
0640 000 042 000 046 255 255 000 000 032 132 004 118 063 247 000 000
0641 000 043 035 028 255 255 012 000 110 103 007 117 090 235 000 000
0642 000 037 070 008 255 255 000 000 173 067 008 108 118 213 000 009
0643 000 029 089 000 255 255 000 000 203 032 010 096 163 188 000 000
0644 000 030 094 000 255 255 000 000 212 030 003 098 209 177 000 000
0645 000 024 082 004 255 255 000 000 193 061 003 085 252 177 000 000
0646 000 010 063 022 255 255 000 000 162 094 001 062 255 176 011 000
0647 000 000 036 024 255 255 000 000 111 096 000 026 254 176 012 000
0648 000 000 030 005 255 255 000 000 100 061 000 025 229 170 005 000
0649 000 000 018 000 255 255 000 000 080 026 000 029 195 164 007 000
0650 000 000 008 000 255 255 003 000 064 023 000 035 181 167 000 000
0651 000 000 000 000 255 255 000 000 045 021 000 036 172 181 005 000
0652 000 002 000 000 255 255 000 000 030 018 000 050 155 199 000 005
0653 000 007 000 000 255 255 000 000 016 009 000 058 148 216 001 022
0654 000 000 000 000 255 255 000 000 024 014 004 045 121 227 000 023
0655 000 000 003 000 255 255 000 008 055 023 000 025 100 217 000 026
0656 000 000 020 000 255 255 000 000 084 017 000 012 085 201 000 019
0657 000 000 028 000 255 255 000 000 096 004 000 000 068 200 000 009
0658 000 000 019 000 255 255 000 000 080 000 000 000 057 241 000 005
0659 000 000 007 000 255 255 000 000 059 001 000 000 043 255 000 000
0660 000 000 002 000 255 255 000 000 053 000 000 005 022 255 006 000
0661 000 000 000 000 255 255 000 000 046 004 000 000 017 255 000 000
0662 000 000 000 000 255 255 000 000 050 014 000 000 004 255 000 030
0663 000 000 000 000 255 255 000 000 048 019 000 000 009 255 000 000
0664 000 000 004 000 255 255 000 000 056 049 000 000 047 255 000 000
0665 000 000 023 022 255 255 000 000 090 094 000 000 019 255 000 000
0666 000 000 039 030 255 255 000 000 116 109 007 000 022 255 000 000
0667 000 000 050 033 255 255 000 000 135 114 028 000 022 255 000 000
0668 000 000 069 027 255 255 000 000 170 101 022 000 021 255 000 000
0669 000 000 073 020 255 255 000 000 176 090 007 000 022 249 000 000
0670 000 000 044 018 255 255 000 000 124 083 000 000 008 255 001 000
0671 000 000 008 000 255 255 000 000 066 049 000 000 003 255 001 000
0672 000 000 000 000 255 255 000 000 041 020 001 000 000 255 000 000
0673 000 000 011 000 255 255 000 000 073 000 000 000 000 255 000 000
0674 000 000 051 000 255 255 000 000 138 004 000 000 000 249 000 000
0675 000 000 077 000 255 255 000 000 188 001 007 003 006 244 000 016
0676 000 000 084 000 255 255 000 000 199 008 019 004 018 255 000 000
0677 013 000 077 000 255 255 000 000 183 000 052 000 040 255 013 000
0678 026 000 064 000 255 255 000 000 159 000 068 000 048 255 013 000
0679 031 000 042 000 255 255 000 000 120 000 075 001 058 255 029 000
0680 038 000 002 000 255 255 000 000 049 000 088 000 071 255 014 000
0681 052 000 000 000 255 255 000 000 038 000 107 000 074 255 014 000
0682 076 000 008 000 255 255 000 000 063 000 142 000 066 255 019 000
0683 095 000 006 000 255 255 000 000 059 021 169 000 051 255 011 000
0684 103 000 000 000 255 255 000 000 046 043 178 001 039 254 006 000
0685 105 000 000 006 255 255 000 000 037 062 181 000 054 255 003 015
0686 099 000 000 008 255 255 000 000 047 065 176 000 060 255 000 000
0687 094 000 013 007 255 255 000 000 073 063 166 000 069 255 000 000
0688 085 000 026 005 255 255 000 000 094 059 154 000 075 255 001 000
0689 075 000 028 004 255 255 000 000 096 058 147 000 083 255 029 000
0690 066 000 014 000 255 255 000 000 072 052 125 007 095 255 024 000
0691 046 000 025 002 255 255 000 000 093 056 096 015 123 255 024 000
0692 034 000 062 000 255 255 000 000 161 052 079 024 163 239 016 010
0693 023 000 085 004 255 255 000 000 202 061 064 040 210 221 006 041
0694 008 003 103 000 255 255 000 000 232 053 041 052 253 203 023 000
0695 005 000 110 004 255 255 000 000 242 062 037 043 255 196 000 000
0696 001 000 094 003 255 255 000 000 215 059 030 023 255 193 000 000
0697 004 000 059 000 255 255 000 000 149 053 037 009 248 222 000 000
0698 007 000 022 000 255 255 000 000 086 052 040 007 236 251 000 000
0699 009 000 000 000 255 255 003 000 045 014 044 031 235 255 000 000
0700 007 000 000 000 255 255 000 000 045 000 040 039 245 255 000 000
0701 000 000 010 000 225 255 000 000 070 000 028 038 238 255 000 002
0702 000 000 011 000 136 255 000 000 068 000 024 036 226 255 000 022
0703 000 000 000 000 255 233 000 000 037 000 029 034 205 255 000 019
0704 001 000 000 000 255 230 000 000 038 000 033 038 187 255 000 016
0705 005 000 016 000 255 255 000 000 078 000 040 031 189 255 000 013
0706 013 000 027 000 255 255 000 000 096 000 047 027 186 255 000 000
0707 007 000 021 000 255 255 000 000 085 000 041 028 177 255 000 000
0708 004 000 004 000 255 255 000 000 055 000 037 021 174 252 010 000
0709 000 000 000 000 255 255 000 000 029 000 025 018 156 235 000 000
0710 000 000 000 000 255 255 000 000 018 000 025 008 146 225 002 000
0711 000 000 000 000 255 255 000 000 022 000 024 000 121 227 014 000
0712 000 000 000 000 255 255 000 000 033 000 029 000 112 234 004 000
0713 000 000 000 000 255 255 000 000 026 000 021 004 126 236 003 003
0714 000 000 000 000 255 255 000 000 021 000 004 001 140 219 000 012
0715 000 000 000 000 255 255 000 000 032 000 000 003 151 190 024 007
0716 000 000 000 000 255 255 000 000 022 000 000 000 143 164 001 012
0717 000 000 000 000 232 255 000 000 019 000 000 000 124 135 002 000
0718 000 000 000 000 188 255 000 000 017 000 014 000 096 120 000 000
0719 000 000 000 000 162 228 000 000 004 000 024 000 078 109 000 000
0720 000 000 000 000 179 207 000 000 025 000 023 000 067 080 000 000
0721 000 000 006 000 222 175 000 000 058 000 014 000 058 062 000 000
0722 000 000 012 000 255 157 000 000 074 000 000 000 043 073 000 000
0723 000 000 019 000 255 201 000 000 083 000 000 000 024 114 000 000
0724 000 000 019 000 255 255 000 000 081 000 000 000 010 154 032 000
0725 000 000 000 000 255 255 000 000 036 000 000 000 000 186 000 000
0726 000 000 000 000 255 255 000 000 016 000 001 000 000 196 000 000
0727 000 000 000 000 255 255 000 000 035 000 006 000 000 208 000 000
0728 000 000 000 000 255 255 000 000 023 000 000 000 000 218 000 000
0729 000 000 000 000 255 255 000 000 000 000 000 000 000 213 000 010
0730 000 000 000 000 255 255 000 000 000 000 000 000 000 208 000 000
0731 000 000 000 000 255 255 000 000 027 000 000 000 000 198 000 000
0732 000 000 000 000 255 255 000 000 042 000 000 000 000 204 000 000
0733 000 000 000 000 255 255 000 000 044 000 005 000 000 220 000 000
0734 000 000 000 000 255 255 000 000 040 000 018 000 000 235 000 000
0735 000 000 000 000 255 255 000 000 038 003 028 000 000 247 000 000
0736 000 000 000 000 255 255 000 000 049 004 029 000 000 243 000 000
0737 000 000 002 000 255 255 000 000 051 000 029 000 000 232 000 000
0738 000 000 000 000 255 255 000 000 037 000 027 000 000 214 000 000
0739 000 000 000 000 255 255 000 000 014 010 027 000 000 200 000 000
0740 004 000 000 000 255 255 000 000 007 023 026 000 000 196 000 000
0741 000 000 000 000 255 255 000 000 004 028 027 000 000 219 000 000
0742 000 000 000 000 255 255 000 000 000 016 040 000 000 243 000 000
0743 000 000 000 000 255 255 000 000 000 000 030 000 000 255 000 000
0744 000 000 000 000 255 255 000 000 002 005 023 000 000 255 000 000
0745 000 000 000 000 255 255 000 000 014 000 020 000 000 253 000 000
0746 000 000 000 000 255 255 000 000 001 000 011 000 000 240 000 000
0747 000 000 000 000 255 255 000 000 000 008 009 000 000 233 000 000
0748 000 000 000 000 255 255 000 000 003 016 004 000 000 224 000 000
0749 000 000 000 000 255 255 000 000 005 020 000 000 000 221 000 000
0750 000 000 000 000 255 255 000 000 010 003 000 000 000 225 000 000
0751 000 000 000 000 255 255 000 000 004 000 000 000 000 233 000 000
0752 000 000 000 000 255 255 000 000 001 000 000 000 002 244 001 000
0753 000 000 000 000 255 255 000 000 000 003 000 000 002 255 000 000
0754 000 000 000 000 255 255 000 000 000 008 000 000 005 255 000 000
0755 000 000 000 000 255 255 000 000 000 007 000 000 004 255 000 000
0756 000 000 000 000 255 255 000 000 015 000 000 000 000 255 000 000
0757 000 000 000 000 255 255 000 000 033 000 000 000 000 255 000 000
0758 000 000 000 000 255 255 000 000 023 000 000 000 000 255 000 000
0759 000 000 000 000 255 255 000 000 011 000 000 000 000 255 000 000
0760 000 000 000 000 255 255 000 000 000 000 006 000 000 255 044 025
0761 000 000 000 000 255 255 000 000 000 000 019 000 000 255 000 000
0762 000 000 000 000 255 255 000 000 003 000 017 025 000 255 000 000
0763 000 000 000 000 255 255 000 000 025 015 004 000 000 255 017 000
0764 000 000 000 000 255 255 000 000 017 006 018 000 000 255 000 000
0765 000 000 000 000 255 255 000 000 017 000 022 000 000 242 000 000
0766 000 000 000 000 255 255 000 000 030 000 003 000 000 223 000 000
0767 000 000 000 000 255 255 000 000 043 006 000 000 000 218 000 000
0768 000 000 000 000 255 255 000 000 039 001 000 000 000 230 000 000
0769 000 000 000 000 255 255 000 000 026 002 000 000 000 248 000 000
0770 000 000 000 000 255 255 000 000 004 005 000 000 000 255 000 000
0771 000 000 000 000 255 255 000 000 000 000 000 000 000 255 000 000
0772 000 000 000 000 255 255 000 000 018 000 000 000 000 255 000 000
0773 000 000 010 000 255 255 000 000 068 000 000 000 000 255 000 000
0774 000 000 019 000 255 255 000 000 083 000 000 000 000 255 000 000
0775 000 000 020 000 255 255 000 000 083 002 005 000 000 255 000 000
0776 000 000 006 000 255 255 000 000 059 013 004 000 000 255 000 000
0777 000 000 000 000 255 255 000 000 046 029 012 000 000 255 000 000
0778 000 000 000 000 255 255 000 000 033 046 015 000 000 255 000 000
0779 000 000 000 000 255 255 000 000 026 016 009 000 000 255 000 000
0780 000 000 000 000 255 255 000 000 026 011 000 000 000 255 000 000
0781 000 000 000 000 255 255 000 000 024 013 002 000 000 255 000 000
0782 000 000 000 000 255 255 000 000 021 027 006 000 000 255 003 000
0783 000 000 000 000 255 255 000 000 020 037 000 000 000 255 001 010
0784 000 000 000 000 255 255 000 000 013 026 000 000 000 255 000 000
0785 000 000 000 000 255 255 000 000 010 019 000 000 000 255 000 000
0786 000 000 000 000 255 255 000 000 028 022 000 000 000 255 000 000
0787 000 000 005 000 255 255 000 000 058 019 000 000 000 255 000 000
0788 000 000 009 000 255 255 000 000 064 000 000 000 000 255 000 000
0789 000 000 000 000 255 255 000 000 037 000 000 000 000 255 014 000
0790 000 000 000 000 255 255 000 000 024 000 000 000 000 250 000 000
0791 000 000 000 000 255 255 000 000 044 000 000 000 000 234 000 000
0792 000 000 000 000 255 255 000 000 043 019 000 000 000 207 000 000
0793 000 000 000 000 255 255 000 000 025 036 000 000 000 162 011 000
0794 000 000 000 001 255 255 000 000 006 053 000 000 000 114 000 000
0795 000 000 000 003 255 255 000 000 000 056 000 000 010 096 000 000
0796 000 000 000 000 255 255 000 000 014 042 000 000 000 093 000 000
0797 000 000 000 000 255 255 000 000 031 049 000 000 000 098 000 000
0798 000 000 000 000 255 255 006 000 034 037 000 000 000 122 000 000
0799 000 000 000 000 255 255 000 000 043 034 000 000 000 153 000 000
0800 000 000 003 000 255 255 000 000 054 040 000 000 000 200 000 010
0801 000 000 003 000 255 255 000 000 052 026 000 000 000 247 000 000
0802 000 000 000 000 255 255 000 000 040 005 000 000 000 255 000 000
0803 000 000 000 000 255 255 001 000 023 000 000 000 018 255 000 000
0804 000 000 000 000 255 255 000 000 017 000 000 000 000 255 000 000
0805 000 000 000 000 255 255 000 000 000 000 020 000 000 255 000 000
0806 000 000 000 000 255 255 000 000 000 000 000 000 000 255 000 000
0807 000 000 000 000 255 255 001 000 000 001 000 000 000 252 000 000
0808 000 000 000 000 255 255 000 000 001 029 000 000 000 218 000 000
0809 000 000 000 000 255 255 000 000 009 035 000 000 000 237 000 000
0810 000 000 000 000 255 255 000 000 011 023 000 000 000 255 000 000
0811 000 000 000 000 255 255 000 000 022 003 000 000 000 255 000 000
0812 000 000 000 000 255 255 000 000 030 004 000 000 000 255 000 000
0813 000 000 000 000 255 255 000 004 023 000 000 021 000 255 000 000
0814 000 000 000 000 255 255 000 000 000 000 000 000 000 255 000 000
0815 000 000 000 000 255 255 000 000 000 012 000 000 000 241 000 000
0816 000 000 000 000 255 255 000 000 000 008 000 000 000 233 000 000
0817 000 000 000 000 255 255 000 000 000 000 000 000 000 247 000 000
0818 000 000 000 000 255 255 000 000 000 000 000 000 000 255 000 000
0819 000 000 000 000 255 255 000 000 001 006 000 000 000 255 000 000
0820 000 000 000 000 255 255 000 000 000 043 000 000 000 255 000 000
0821 000 000 000 007 255 255 000 000 000 064 004 000 000 255 000 000
0822 000 000 000 007 255 255 000 000 000 067 008 000 000 255 000 000
0823 000 000 000 008 255 255 000 000 000 065 001 000 000 255 000 000
0824 000 000 000 000 255 255 000 000 002 046 000 000 000 255 000 000
0825 000 000 000 000 255 255 000 000 000 016 000 000 000 255 000 000
0826 000 000 000 000 255 255 000 000 005 000 000 000 000 254 000 000
0827 000 000 000 000 255 255 000 000 011 000 005 000 000 214 000 000
0828 000 000 000 000 255 255 000 000 020 011 013 000 000 177 000 000
0829 000 000 000 000 255 255 000 000 045 032 013 000 000 166 000 000
0830 000 000 014 006 255 255 000 000 074 064 011 000 000 183 000 000
0831 000 000 024 009 255 255 000 000 090 069 005 000 000 214 000 000
0832 000 000 036 011 255 255 000 000 113 071 000 000 000 254 000 000
0833 000 000 040 008 255 255 000 000 120 065 005 000 000 255 000 000
0834 000 000 034 000 255 255 000 000 107 048 000 000 000 255 000 000
0835 000 000 032 000 255 255 000 000 105 027 000 000 000 255 000 000
0836 000 000 038 000 255 255 000 000 115 027 000 000 000 255 000 000
0837 000 000 040 000 255 255 000 000 118 042 000 000 000 255 000 000
0838 000 000 029 000 255 255 000 000 098 043 007 000 000 255 000 000
0839 000 000 009 000 255 255 000 000 065 046 000 000 000 255 000 000
0840 000 000 000 001 255 255 000 000 023 051 000 000 000 255 000 000
0841 000 000 000 004 255 255 000 000 024 058 000 000 000 236 000 000
0842 003 000 000 008 255 255 000 000 049 066 000 000 000 194 000 000
0843 000 000 001 017 255 255 000 000 051 082 000 000 000 161 000 000
0844 000 000 000 024 255 255 000 000 021 095 000 000 000 123 000 000
0845 000 000 000 021 255 255 000 000 009 090 000 000 000 098 000 000
0846 000 000 000 002 255 255 000 000 021 056 000 000 000 069 000 000
0847 000 000 000 000 255 255 000 000 040 021 000 000 000 073 000 000
0848 000 000 002 000 255 255 000 000 052 000 000 000 000 104 000 000
0849 000 000 006 000 255 255 000 000 059 000 000 000 002 151 000 000
0850 000 000 002 000 255 255 000 000 051 000 000 000 000 186 011 000
0851 000 000 015 000 255 255 000 000 074 000 000 000 000 213 010 000
0852 000 000 027 000 255 255 000 000 097 000 000 000 000 230 000 000
0853 000 000 038 000 255 255 000 000 118 000 001 000 000 230 000 000
0854 000 000 040 000 255 255 000 000 119 000 016 000 000 231 000 000
0855 000 000 023 000 255 255 000 000 088 000 028 000 000 239 000 000
0856 008 000 012 000 255 255 000 000 069 000 035 000 000 237 000 000
0857 007 000 005 000 255 255 000 000 057 000 042 000 000 224 000 000
0858 011 000 000 000 255 255 000 000 036 021 049 000 003 211 000 000
0859 014 000 000 012 255 255 000 000 019 073 053 000 000 206 000 000
0860 014 000 000 038 255 255 000 000 008 120 053 000 000 204 000 000
0861 030 000 000 059 255 255 000 000 000 157 077 000 003 220 000 000
0862 039 000 000 063 255 255 000 000 000 167 089 000 024 229 009 000
0863 045 000 000 063 255 255 000 000 020 165 099 000 052 239 000 000
0864 044 000 000 061 255 255 000 000 037 161 094 003 080 238 007 000
0865 026 000 000 057 255 255 000 000 047 152 070 000 086 238 000 000
0866 020 000 000 056 255 255 000 000 049 151 061 000 093 236 000 000
0867 008 000 000 067 255 255 000 000 048 175 041 000 067 237 000 000
0868 000 000 000 083 255 255 000 000 041 201 025 000 077 223 000 000
0869 000 000 000 086 255 255 000 000 035 206 017 000 091 213 000 000
0870 000 000 000 082 255 255 000 000 022 198 010 000 106 206 000 000
0871 000 000 000 070 255 255 000 000 012 175 019 000 109 195 000 000
0872 004 000 000 062 255 255 000 000 029 161 037 000 130 210 011 000
0873 012 000 010 056 255 255 000 000 067 151 050 000 157 254 014 000
0874 020 000 024 059 255 255 000 000 091 157 059 000 196 255 008 000
0875 031 000 024 066 255 255 000 000 090 171 079 000 225 255 009 000
0876 045 000 013 075 255 255 000 009 071 187 096 000 246 255 029 000
0877 041 000 004 085 255 255 000 000 054 203 092 000 255 255 028 000
0878 039 000 000 094 255 255 000 000 032 218 088 015 255 255 027 000
0879 039 000 000 081 255 255 000 000 021 197 085 025 255 255 015 000
0880 038 000 000 060 255 255 000 012 026 161 085 045 255 255 033 000
0881 041 001 000 034 255 255 002 000 034 109 088 047 255 255 052 000
0882 038 000 000 017 255 255 015 000 041 082 085 037 255 255 077 000
0883 044 000 000 006 255 255 004 000 040 062 094 018 255 255 055 000
0884 045 000 000 000 255 255 000 000 022 042 098 014 255 255 040 000
0885 039 000 000 000 255 255 000 000 048 046 086 016 255 255 000 006
0886 014 000 011 004 255 255 000 000 069 059 049 008 255 255 000 003
0887 007 005 017 007 255 255 000 000 079 062 040 004 255 255 013 000
0888 001 000 009 000 255 213 000 000 064 042 031 017 255 255 014 000
0889 000 000 000 000 255 147 000 000 047 017 025 025 255 234 008 000
0890 000 000 008 000 255 237 000 000 064 006 027 024 255 216 005 000
0891 000 000 022 000 255 255 000 000 087 000 030 033 255 210 030 000
0892 004 005 022 000 255 248 003 000 086 005 036 056 255 231 001 000
0893 004 016 017 000 255 225 000 000 078 008 035 073 255 252 000 000
0894 000 026 017 000 255 243 000 000 079 013 030 090 255 255 027 000
0895 000 030 023 000 255 185 000 000 087 011 024 096 255 255 038 005
0896 000 017 015 000 255 110 000 000 074 014 015 074 255 255 028 009
0897 000 000 010 000 255 145 000 000 067 016 008 040 255 255 021 000
0898 000 000 000 000 255 164 000 000 037 015 013 019 255 255 023 000
0899 006 000 000 000 255 190 006 000 003 009 040 007 255 255 027 000
0900 045 000 000 000 255 235 000 000 008 044 096 000 255 255 020 000
0901 058 000 000 004 255 255 000 000 028 060 116 007 255 255 000 000
0902 066 000 000 022 255 255 000 000 029 091 131 002 255 255 009 000
0903 073 000 000 029 255 255 000 000 008 104 138 000 255 255 016 002
0904 028 000 000 042 255 255 000 000 000 126 069 000 234 243 006 011
0905 021 000 000 014 255 255 000 000 000 075 060 000 220 228 000 017
0906 022 000 000 000 255 255 000 011 000 050 062 000 245 230 000 020
0907 018 000 000 000 255 255 000 000 000 047 056 004 253 247 000 023
0908 022 000 000 000 255 255 000 000 002 028 062 015 251 255 000 013
0909 020 000 000 000 255 255 000 000 010 024 061 026 225 255 000 000
0910 013 000 000 000 255 255 000 000 030 042 049 031 213 255 000 000
0911 012 000 000 005 255 221 000 000 041 061 047 026 228 255 000 010
0912 002 000 006 010 255 219 000 000 059 068 032 013 216 255 000 000
0913 000 000 010 011 255 255 000 000 067 071 000 000 105 255 000 000
0914 000 000 009 020 255 229 000 000 064 087 000 002 081 255 000 000
0915 000 000 009 028 255 179 000 000 063 100 000 027 060 255 000 000
0916 000 003 008 024 255 088 000 000 063 093 000 051 058 255 000 002
0917 000 015 001 006 255 156 000 000 050 061 006 072 096 255 000 001
0918 000 016 000 001 255 237 000 000 008 053 001 074 085 255 000 000
0919 000 010 000 008 255 255 000 000 013 066 030 063 131 255 000 000
0920 010 000 000 001 255 255 000 000 032 051 047 044 135 234 000 000
0921 007 000 000 000 255 255 000 000 046 023 042 021 110 185 000 000
0922 010 000 000 000 255 255 000 000 045 016 045 012 106 196 000 000
0923 001 000 000 000 255 255 000 000 016 011 029 001 082 229 000 000
0924 000 000 000 000 228 255 000 000 000 015 010 000 069 238 000 000
0925 000 000 000 000 191 255 000 000 029 020 002 000 079 219 000 000
0926 000 000 000 000 181 255 000 000 044 022 000 000 056 174 000 000
0927 000 000 000 000 244 255 036 000 013 022 000 000 055 134 000 000
0928 000 000 000 000 255 203 000 000 000 032 000 000 045 107 000 000
0929 000 000 000 000 255 069 001 000 001 035 003 018 049 095 000 000
0930 000 000 000 000 255 125 000 000 009 020 015 025 051 115 000 000
0931 000 000 000 000 255 175 000 000 039 008 013 029 040 170 000 000
0932 000 000 000 000 255 205 000 000 046 000 028 028 047 214 031 000
0933 000 000 000 000 255 234 000 000 049 000 018 028 029 255 000 000
0934 000 000 000 000 255 255 000 000 032 000 004 025 016 255 000 000
0935 000 000 000 000 255 255 000 000 018 001 021 011 021 255 000 010
0936 003 000 000 000 255 242 000 000 009 000 036 000 016 255 000 000
0937 009 000 000 000 222 165 000 005 000 000 045 000 016 255 000 027
0938 016 000 000 000 185 117 000 000 000 000 056 011 025 255 000 000
0939 027 000 000 000 158 119 000 000 000 000 072 000 047 255 000 009
0940 036 000 000 000 082 088 000 000 000 000 084 000 078 255 000 001
0941 031 000 000 000 055 099 000 000 000 000 075 000 104 255 008 000
0942 024 000 000 000 042 097 000 000 000 000 065 015 125 255 000 000
0943 013 000 000 000 034 117 000 000 000 002 050 030 144 255 000 000
0944 012 000 000 000 050 100 000 000 000 000 048 021 164 255 002 000
0945 024 000 000 000 042 157 000 000 000 000 065 010 170 255 000 000
0946 050 000 000 000 065 213 000 000 000 011 102 004 171 255 000 000
0947 080 000 000 000 116 255 000 000 000 015 149 000 173 255 002 000
0948 088 000 000 000 109 255 000 000 000 000 157 000 185 255 015 009
0949 065 000 000 000 135 255 000 000 000 029 123 000 218 255 034 010
0950 037 000 000 000 162 255 000 000 000 029 082 000 226 255 044 000
0951 023 000 000 000 198 255 000 000 000 049 063 000 218 255 030 000
0952 042 000 000 017 255 255 000 000 000 080 092 000 222 255 018 000
0953 065 000 000 000 255 255 000 000 000 049 126 022 209 255 021 009
0954 102 000 000 000 255 255 000 000 000 024 181 004 200 255 004 000
0955 125 000 000 000 255 255 000 000 000 009 212 021 187 255 003 000
0956 126 000 000 000 247 255 000 000 000 012 216 035 168 255 019 000
0957 102 002 000 011 255 255 000 000 000 072 177 049 151 255 016 000
0958 068 007 000 013 255 249 000 000 000 075 129 058 129 255 023 000
0959 027 008 000 014 255 148 000 000 000 079 068 059 120 255 039 000
0960 013 003 000 013 255 214 001 000 000 077 047 052 108 255 049 000
0961 000 000 000 006 255 255 000 000 000 063 028 037 084 255 027 033
0962 000 000 000 009 255 255 000 000 007 070 016 031 063 239 026 000
0963 000 000 000 016 255 255 000 000 023 081 016 027 028 185 016 000
0964 000 000 000 015 255 255 000 000 024 080 026 029 008 164 002 000
0965 001 000 000 009 255 255 000 000 008 070 032 043 006 168 000 000
0966 003 003 000 000 255 255 000 000 000 046 034 051 015 193 000 000
0967 001 006 000 000 255 255 000 000 000 025 031 057 031 233 000 000
0968 000 005 000 000 255 255 000 000 000 046 016 055 043 255 000 000
0969 000 003 000 008 255 255 000 000 000 065 003 051 056 255 005 000
0970 000 000 000 003 255 255 000 000 000 059 000 043 063 255 001 000
0971 000 000 000 006 225 255 000 000 000 062 011 038 059 255 017 009
0972 023 000 000 000 255 255 000 000 000 034 067 034 071 255 011 000
0973 032 000 000 000 255 255 000 000 000 031 079 028 065 255 000 000
0974 032 000 000 000 196 255 000 000 000 004 079 018 054 255 000 000
0975 025 000 000 000 103 255 000 000 000 000 068 011 042 255 000 000
0976 017 000 000 000 049 255 000 000 000 000 057 009 039 255 000 001
0977 020 000 000 000 020 255 000 000 000 000 059 029 050 255 000 026
0978 020 000 000 000 012 255 000 000 000 010 059 034 062 255 060 041
0979 018 000 000 000 000 255 000 000 000 021 056 023 070 255 000 031
0980 006 000 000 000 000 255 000 000 000 009 037 018 076 255 000 016
0981 000 000 000 000 000 255 000 000 000 005 029 013 077 255 000 004
0982 000 000 000 000 004 255 000 000 000 010 023 012 079 255 000 000
0983 000 000 000 000 000 255 000 000 000 008 027 000 097 255 000 000
0984 012 000 000 000 021 255 000 000 000 014 048 000 122 255 027 000
0985 034 000 000 000 042 255 000 000 000 015 080 000 155 255 016 002
0986 059 000 000 000 069 255 000 000 000 003 116 000 187 255 011 000
0987 076 000 000 000 099 255 000 000 000 000 142 000 201 255 014 001
0988 090 000 000 000 164 255 000 000 000 010 161 000 190 255 031 000
0989 107 000 000 000 223 255 001 000 000 046 185 000 172 255 050 000
0990 117 000 000 002 255 255 000 000 000 058 201 000 156 255 036 000
0991 115 000 000 003 255 255 000 000 000 060 198 000 154 255 022 000
0992 108 000 000 007 255 255 000 000 000 066 190 000 164 255 014 000
0993 089 000 000 013 255 255 000 000 000 077 162 000 170 255 034 000
0994 073 000 000 023 255 255 001 000 000 092 139 001 182 255 049 000
0995 065 000 000 023 255 255 019 000 000 094 128 010 206 255 074 000
0996 069 000 000 023 255 255 019 000 000 093 133 009 234 255 081 010
0997 088 000 000 026 255 255 028 000 000 096 163 008 255 255 093 000
0998 103 000 000 013 236 255 037 000 000 075 186 005 255 255 112 000
0999 108 000 000 003 220 255 038 000 000 056 189 007 255 255 111 000
1000 105 000 000 000 193 255 027 000 000 023 187 012 255 255 093 000
1001 097 000 000 000 173 255 032 000 000 018 176 009 255 255 105 000
1002 099 000 000 000 149 255 032 000 000 018 175 020 255 255 103 001
1003 096 000 000 000 138 255 034 000 000 011 174 029 255 255 106 000
1004 102 000 000 000 110 255 033 000 000 004 182 030 255 255 107 000
1005 112 000 000 000 085 255 031 000 000 042 196 020 255 255 102 000
1006 133 000 000 000 019 255 027 000 000 000 226 026 255 255 093 000
1007 154 000 000 000 000 193 010 000 000 000 250 034 255 255 065 000
1008 156 001 000 000 000 174 009 000 000 000 253 047 255 255 063 000
1009 145 000 000 000 000 180 000 000 000 014 240 036 255 255 048 001
1010 130 000 000 000 000 168 008 000 000 012 218 027 250 255 063 001
1011 107 000 000 000 000 247 013 000 000 042 185 028 223 255 069 000
1012 093 000 000 000 000 255 005 000 000 045 164 016 221 255 059 000
1013 080 000 000 000 009 255 004 000 000 046 145 001 220 255 056 014
1014 053 000 000 000 011 255 000 000 000 036 107 015 195 255 026 009
1015 044 000 000 000 018 255 000 000 000 035 094 020 185 255 000 018
1016 042 000 000 000 011 255 000 000 000 042 090 024 173 255 012 016
1017 037 000 000 010 000 255 000 000 000 071 085 032 168 255 040 016
1018 034 000 000 042 019 255 000 000 000 125 078 039 174 255 023 005
1019 041 000 000 049 038 255 000 000 000 142 091 041 176 255 004 012
