0000 07-07-77 07:29:28 +25C 65535   325   16   5 Ê3
0001 007 035 000 000 194 086 000 015 042 000 052 104 255 207 042 076
0002 008 017 000 000 179 157 001 000 039 031 043 079 252 189 047 040
0003 022 019 006 000 171 223 012 000 060 037 066 077 253 173 070 041
0004 037 014 011 001 141 255 014 000 068 045 082 072 247 173 073 050
0005 041 001 001 000 122 255 012 000 052 047 091 045 209 191 072 018
0006 050 011 000 001 102 255 008 000 005 053 103 066 180 232 061 025
0007 044 022 000 010 136 255 003 000 030 071 096 082 169 246 054 047
0008 040 012 009 019 182 236 008 006 065 085 090 066 136 223 062 069
0009 025 003 028 027 243 174 014 006 098 100 071 051 137 183 076 065
0010 013 000 030 024 255 255 021 007 102 094 048 030 243 104 083 066
0011 009 000 024 008 255 255 025 004 091 064 044 015 255 070 093 064
0012 012 000 021 002 255 255 020 009 084 053 045 011 255 110 082 069
0013 000 000 000 007 255 255 019 005 043 064 027 029 255 128 078 063
0014 000 000 019 019 255 255 014 000 085 084 010 040 255 123 072 048
0015 000 000 021 017 255 243 000 000 085 080 000 042 255 140 043 027
0016 000 000 017 023 255 143 000 000 079 091 021 034 255 154 018 045
0017 000 000 007 028 255 186 001 002 060 100 028 032 255 174 050 050
0018 020 000 000 035 255 190 009 000 042 113 061 038 255 200 061 017
0019 040 000 000 044 255 214 003 000 032 129 086 038 255 221 054 000
0020 051 000 000 044 237 255 000 000 009 130 108 035 255 248 046 004
0021 071 015 000 042 231 255 019 004 016 124 137 077 255 252 081 025
0022 079 040 000 028 255 255 022 000 011 097 146 119 255 232 087 021
0023 078 056 000 012 255 250 015 000 025 064 145 148 255 186 070 000
0024 071 063 000 000 255 233 000 000 010 023 131 159 255 131 026 009
0025 060 056 000 000 255 253 000 000 029 029 117 145 233 091 027 007
0026 052 041 001 000 255 255 000 000 051 041 104 117 192 080 010 055
0027 040 036 006 011 255 255 000 000 063 071 088 106 183 105 005 010
0028 040 032 012 018 255 255 000 000 071 084 088 099 159 160 040 000
0029 039 040 009 018 255 255 000 000 063 082 091 113 114 191 020 000
0030 034 041 005 027 255 255 000 000 057 099 079 115 090 204 026 001
0031 034 030 004 035 255 255 001 001 054 113 079 096 139 188 054 003
0032 053 011 000 045 255 255 017 000 040 132 111 066 217 157 080 007
0033 086 009 000 050 255 255 024 000 039 139 156 061 255 114 090 021
0034 085 009 010 039 255 255 024 000 066 121 153 064 255 068 088 023
0035 075 014 020 034 255 252 004 000 083 109 139 073 255 046 054 032
0036 058 023 016 018 255 255 000 000 076 085 111 087 229 041 037 007
0037 042 035 020 016 255 255 008 000 082 082 089 106 235 057 064 009
0038 044 039 017 015 255 255 023 000 081 079 096 115 255 074 088 018
0039 037 039 009 015 215 255 022 000 066 079 083 114 255 084 087 029
0040 014 018 008 016 139 255 015 000 063 084 051 076 255 075 073 028
0041 040 000 012 007 140 255 009 000 070 065 089 040 255 072 062 032
0042 063 000 022 000 181 205 011 000 089 047 122 028 255 067 066 025
0043 073 000 026 000 205 179 017 000 096 034 138 023 255 066 077 022
0044 082 000 016 000 217 225 014 000 083 027 154 010 255 085 072 009
0045 082 000 016 000 255 231 005 000 076 030 153 003 239 095 057 001
0046 079 000 023 000 255 172 003 000 090 045 146 025 216 105 056 000
0047 062 000 005 010 255 217 012 000 059 074 122 027 216 076 069 004
0048 046 000 000 006 255 255 024 000 036 062 097 019 236 046 091 007
0049 015 000 010 010 255 255 028 000 069 070 050 020 255 063 094 000
0050 000 000 024 012 255 255 017 000 092 075 020 046 255 103 077 000
0051 000 008 019 005 255 251 023 000 086 062 025 064 255 138 089 000
0052 016 028 008 014 255 137 029 000 065 079 054 094 255 134 105 014
0053 042 035 000 018 255 095 043 000 029 082 092 104 255 122 121 009
0054 049 042 006 024 255 177 034 000 060 094 102 117 255 130 105 020
0055 047 047 023 027 255 255 020 000 090 099 098 124 240 152 083 036
0056 021 058 052 027 255 255 014 000 140 099 059 149 191 153 073 019
0057 000 066 074 022 255 255 016 000 177 091 011 164 183 141 078 008
0058 000 051 073 016 255 255 007 000 176 079 020 136 163 121 060 000
0059 012 034 050 013 255 255 001 000 134 072 050 104 175 109 052 000
0060 026 003 033 017 255 255 000 000 104 082 068 052 181 115 042 000
0061 027 000 015 004 255 255 000 000 074 058 069 002 172 147 046 001
0062 018 000 004 000 255 255 001 000 057 050 056 002 178 206 050 000
0063 004 000 009 001 255 255 009 000 068 052 036 023 199 255 064 000
0064 002 006 020 000 255 255 022 000 083 041 036 056 225 255 086 009
0065 014 023 014 000 255 255 043 000 075 031 054 086 238 255 123 015
0066 021 027 006 000 255 255 052 000 058 016 063 091 229 255 136 013
0067 030 011 000 000 237 209 050 000 013 028 074 064 223 255 130 016
0068 034 001 000 000 236 096 032 000 039 018 080 046 225 255 098 016
0069 036 014 000 000 252 093 000 000 042 011 081 069 236 255 047 037
0070 030 023 003 000 197 136 008 000 054 006 075 085 231 255 063 032
0071 050 027 000 000 145 212 011 000 048 005 104 092 232 255 070 045
0072 064 037 006 000 087 255 017 005 059 030 120 111 251 250 081 060
0073 055 050 005 000 106 255 023 000 059 010 110 134 255 199 089 030
0074 061 063 000 000 143 255 017 000 012 021 119 157 255 151 077 001
0075 058 076 000 000 140 255 005 000 041 013 116 180 255 104 055 000
0076 063 076 001 000 106 255 000 000 048 009 120 183 255 091 042 015
0077 050 070 009 000 107 255 005 000 065 012 101 173 255 095 060 041
0078 040 059 003 000 105 255 014 001 055 013 087 149 255 106 072 051
0079 031 039 000 000 131 255 004 005 047 030 075 116 255 118 055 063
0080 012 015 000 000 174 255 000 000 039 023 050 071 255 121 037 043
0081 030 000 000 000 199 255 000 000 048 008 077 039 255 125 039 020
0082 030 000 000 000 207 255 000 000 050 004 075 045 255 133 040 029
0083 033 001 000 000 209 255 000 000 042 000 082 047 255 142 043 037
0084 027 000 000 000 198 255 016 000 033 010 069 041 255 148 076 010
0085 029 007 000 000 210 255 020 000 028 021 040 058 255 149 086 010
0086 000 020 010 000 216 255 012 000 066 023 012 081 255 159 070 000
0087 000 033 010 000 222 255 000 000 065 028 014 102 255 153 038 002
0088 015 033 001 002 231 255 000 000 049 055 053 103 255 134 039 005
0089 032 030 000 005 233 255 000 000 017 059 076 095 255 080 042 023
0090 044 028 000 003 216 255 000 000 016 057 094 092 255 028 029 013
0091 046 027 000 009 166 255 000 000 007 069 097 094 255 034 032 023
0092 052 016 000 009 150 255 012 000 038 068 106 075 255 045 070 033
0093 061 007 026 013 140 255 027 000 099 079 122 060 255 104 095 000
0094 083 000 022 017 116 255 012 000 090 085 154 034 255 151 068 008
0095 091 006 017 019 112 255 003 000 081 085 166 058 255 170 053 021
0096 079 023 013 029 115 254 007 000 074 104 146 084 236 206 060 029
0097 048 035 003 041 101 201 008 000 056 124 097 107 175 246 063 020
0098 029 029 005 055 076 198 020 000 059 150 073 092 131 255 084 006
0099 034 019 005 072 041 210 029 000 058 180 080 077 123 255 102 008
0100 041 021 000 088 017 250 027 000 046 210 093 086 143 251 095 020
0101 049 027 001 098 057 255 015 000 049 229 102 095 150 230 076 032
0102 041 035 000 102 115 255 009 000 041 236 093 107 176 224 064 045
0103 031 044 007 113 167 207 028 004 060 252 075 120 159 227 089 058
0104 023 047 012 107 215 141 013 000 069 239 065 124 149 229 070 032
0105 020 051 010 115 239 126 017 000 065 253 058 131 151 212 076 001
0106 000 051 008 115 244 169 018 000 062 253 012 131 166 197 081 000
0107 000 052 000 133 235 200 028 000 033 255 013 134 201 187 095 002
0108 001 053 002 149 229 190 021 000 052 255 028 137 215 183 082 000
0109 034 051 012 176 254 170 023 000 069 255 078 135 193 155 090 003
0110 023 044 007 208 255 143 020 000 061 255 062 124 152 131 084 000
0111 000 040 000 205 255 140 022 000 043 255 004 116 155 132 089 007
0112 000 030 000 187 254 112 044 004 036 255 029 098 208 183 125 000
0113 006 013 000 177 213 067 034 000 011 255 040 066 252 224 108 006
0114 000 004 000 176 172 088 032 000 000 255 024 051 255 254 103 038
0115 002 004 000 193 142 133 019 000 017 255 036 053 255 255 080 041
0116 018 009 000 199 154 148 021 000 044 255 061 061 255 255 084 027
0117 031 017 000 203 235 139 015 000 040 255 077 075 242 255 075 009
0118 072 027 004 203 255 123 000 000 055 255 134 092 200 255 046 034
0119 082 039 004 185 255 138 005 000 055 255 149 114 178 255 059 005
0120 085 057 000 159 255 155 031 000 039 255 152 149 154 255 104 024
0121 063 069 000 123 255 177 048 000 022 255 123 167 145 255 134 000
0122 043 076 000 100 255 194 045 000 018 227 092 177 138 255 125 029
0123 023 067 000 073 255 233 023 000 042 182 066 164 106 255 089 041
0124 010 053 006 049 255 255 010 000 061 138 046 135 121 255 064 018
0125 002 041 009 033 255 255 000 000 064 108 020 115 150 245 037 018
0126 000 034 003 015 255 255 000 000 055 077 000 105 162 231 036 033
0127 000 042 000 000 218 255 000 000 045 048 008 116 155 254 030 043
0128 000 047 000 000 197 255 007 000 036 045 025 129 123 255 063 040
0129 017 039 000 000 172 255 011 000 011 000 057 116 139 255 067 008
0130 030 032 000 000 156 255 016 000 010 009 073 102 147 255 076 019
0131 033 027 000 000 157 254 021 000 047 000 078 092 138 255 084 000
0132 036 025 015 000 216 136 032 000 075 000 084 092 115 255 103 003
0133 021 017 021 000 210 079 035 000 088 000 058 077 101 255 111 000
0134 000 006 008 000 163 093 033 000 063 000 017 056 118 255 105 003
0135 000 000 001 000 164 107 035 000 049 000 005 030 132 255 106 001
0136 000 000 000 000 243 204 029 000 032 000 000 023 122 255 101 000
0137 000 003 000 000 255 255 013 007 020 001 007 052 160 255 070 000
0138 000 008 000 000 255 255 032 000 011 002 004 061 208 255 104 012
0139 002 019 000 000 255 255 012 000 009 020 004 080 235 255 067 012
0140 000 029 000 000 255 255 000 000 038 042 015 095 238 255 033 009
0141 014 042 004 013 238 255 000 000 057 075 051 118 232 255 038 000
0142 030 046 000 037 191 255 000 000 017 117 073 125 177 246 029 000
0143 042 051 000 046 171 219 007 000 018 132 093 131 142 252 062 001
0144 058 046 000 047 194 225 016 000 023 136 114 124 114 255 077 000
0145 083 047 000 049 222 255 015 000 033 149 152 126 073 255 074 007
0146 087 047 000 061 228 255 007 000 039 163 155 127 112 255 060 002
0147 074 036 000 051 227 241 000 000 037 143 137 107 168 255 030 000
0148 046 026 000 038 232 172 000 000 022 118 099 091 215 255 005 008
0149 019 014 000 021 254 131 000 000 020 088 059 067 233 255 026 030
0150 000 000 000 018 255 128 000 000 029 082 027 039 183 224 025 017
0151 000 000 000 010 255 151 001 000 014 069 021 035 089 195 048 017
0152 000 001 000 017 255 197 000 000 004 069 022 048 073 190 036 027
0153 000 007 000 009 252 255 000 000 003 064 025 061 070 212 034 050
0154 000 009 000 007 208 255 000 007 000 061 019 065 130 232 025 066
0155 000 016 000 003 161 255 010 000 000 055 028 076 169 236 040 036
0156 008 018 000 000 168 255 009 000 000 045 041 077 201 221 066 026
0157 004 029 000 000 249 255 017 000 017 027 039 096 241 183 076 000
0158 000 038 001 000 255 255 014 000 050 006 024 110 255 128 071 000
0159 002 034 009 000 255 255 000 000 064 000 035 103 255 104 040 000
0160 009 022 013 000 255 255 000 000 071 024 045 083 254 081 012 020
0161 007 019 004 000 255 255 000 000 054 049 039 078 195 063 030 023
0162 001 015 000 000 253 255 000 000 019 048 031 071 119 048 039 013
0163 000 001 021 000 183 249 000 000 085 025 019 046 093 062 023 006
0164 000 000 055 000 196 204 000 000 145 023 028 035 120 104 024 000
0165 016 000 071 000 250 183 000 000 177 029 055 035 151 129 021 017
0166 044 002 065 001 231 146 022 000 163 050 095 052 167 146 088 041
0167 051 014 099 002 230 135 025 000 225 049 107 073 166 151 092 010
0168 047 016 130 000 199 135 040 000 255 036 098 073 139 176 118 010
0169 036 008 162 002 199 084 032 000 255 055 081 059 093 202 102 023
0170 020 006 202 003 190 036 024 000 255 054 060 057 056 187 091 036
0171 020 009 151 005 148 040 015 001 255 062 057 060 071 179 073 052
0172 024 026 127 001 148 058 009 011 255 048 065 089 128 149 063 072
0173 039 019 122 003 141 041 003 008 255 060 089 079 159 145 048 068
0174 052 013 146 005 107 055 008 005 255 063 106 067 185 140 062 060
0175 049 000 191 011 065 032 017 000 255 071 101 042 179 129 081 010
0176 054 000 201 013 040 048 023 000 255 072 109 044 161 127 086 004
0177 057 000 168 022 026 081 029 000 255 090 112 032 148 124 097 019
0178 052 000 088 035 017 110 029 000 199 111 106 041 133 120 097 002
0179 041 015 013 026 014 105 012 000 070 098 092 073 127 121 066 002
0180 035 027 000 031 032 055 007 000 047 103 081 096 104 117 062 004
0181 033 044 031 020 024 051 021 000 104 085 078 123 077 128 083 017
0182 021 051 084 006 021 080 009 000 202 060 059 134 060 139 063 019
0183 020 051 131 000 030 103 000 000 255 047 061 139 034 124 039 004
0184 024 042 159 000 027 132 000 000 255 036 056 116 068 100 019 020
0185 011 025 170 007 019 135 000 000 255 064 048 086 099 070 028 017
0186 016 007 163 011 031 138 000 000 255 072 055 057 101 065 033 005
0187 020 007 171 030 042 149 000 000 255 106 062 061 125 080 024 001
0188 021 023 179 047 029 190 000 000 255 133 063 086 209 097 028 020
0189 001 032 160 041 020 186 003 000 255 124 029 098 200 098 052 017
0190 000 026 109 043 009 195 015 000 239 127 014 088 188 098 074 031
0191 000 037 113 043 027 193 013 000 245 118 007 112 161 101 070 000
0192 000 027 108 024 029 189 000 000 235 089 021 091 115 085 042 000
0193 000 018 109 011 034 150 000 000 237 072 011 080 073 066 028 008
0194 000 016 111 003 024 147 000 000 240 056 015 076 100 047 026 021
0195 000 009 107 005 000 189 000 000 233 060 000 065 152 030 022 000
0196 000 002 092 000 000 214 000 000 207 049 000 054 199 012 018 039
0197 000 002 049 000 013 231 000 000 132 039 000 048 239 013 005 006
0198 000 001 002 000 032 234 000 000 051 048 000 047 255 034 013 025
0199 001 002 017 012 035 217 000 000 082 074 031 049 255 045 016 032
0200 017 002 028 027 014 168 000 000 099 104 056 048 255 031 029 037
0201 029 000 045 043 045 131 000 000 126 126 071 044 255 034 017 021
0202 014 004 055 057 063 090 000 000 150 153 050 053 223 062 000 006
0203 012 011 087 065 051 071 000 000 208 168 046 065 170 061 000 002
0204 010 027 123 057 030 055 000 000 255 151 043 092 115 036 001 008
0205 003 022 121 055 025 077 001 000 255 146 034 083 074 041 019 028
0206 001 036 120 056 036 053 000 000 255 156 032 106 070 053 013 042
0207 000 031 082 078 033 042 000 000 194 194 008 099 083 060 000 050
0208 000 004 050 074 033 070 000 004 134 187 004 052 087 047 041 047
0209 000 000 042 066 015 084 001 000 120 170 019 033 116 022 043 024
0210 006 000 030 050 012 065 000 000 100 140 040 039 135 012 044 021
0211 010 011 018 018 003 072 000 000 078 084 043 065 157 020 040 007
0212 000 012 022 000 014 047 000 000 086 041 018 068 197 017 017 000
0213 000 014 050 000 025 032 000 000 136 039 014 069 203 022 005 009
0214 000 008 079 000 060 038 000 000 193 030 018 059 185 023 000 010
0215 000 000 099 000 052 055 000 000 225 034 026 015 155 000 001 054
0216 002 000 098 016 038 052 000 000 224 083 035 012 127 003 003 027
0217 000 000 102 023 015 047 000 000 230 096 019 039 108 048 012 047
0218 000 029 118 022 012 062 000 000 253 094 000 096 101 076 024 024
0219 000 008 134 038 033 060 001 000 255 120 000 061 129 103 049 030
0220 000 025 137 037 067 084 011 005 255 124 000 086 185 111 066 062
0221 000 003 114 043 065 150 008 010 250 127 002 054 231 071 061 072
0222 000 000 084 033 074 159 000 000 199 111 028 029 253 053 044 023
0223 007 000 057 032 071 104 015 003 151 107 038 022 241 067 074 057
0224 005 001 062 029 054 067 014 000 157 103 035 042 217 104 072 053
0225 000 017 065 020 026 086 009 000 162 088 026 079 195 110 065 033
0226 011 021 059 022 020 122 000 000 154 095 000 084 155 087 038 044
0227 000 027 054 030 025 130 007 000 142 110 000 092 115 059 061 044
0228 000 001 059 041 028 129 000 000 152 125 000 049 120 053 039 029
0229 000 000 078 053 032 111 007 000 185 128 000 019 139 051 064 015
0230 000 000 109 052 037 093 002 000 239 143 000 018 146 043 054 047
0231 000 000 138 044 046 074 014 000 255 129 010 019 092 059 074 005
0232 000 000 182 044 043 062 012 000 255 129 020 026 136 054 069 048
0233 002 000 225 045 033 076 008 002 255 130 037 038 129 097 060 053
0234 001 022 227 040 036 080 000 000 255 122 029 085 142 105 040 047
0235 000 024 236 037 012 055 022 000 255 117 008 087 185 105 085 025
0236 000 014 201 030 000 078 003 000 255 107 021 068 214 123 042 022
0237 011 015 155 027 000 075 000 000 255 103 049 071 236 133 028 003
0238 005 020 096 025 000 061 002 000 219 095 037 081 241 120 048 022
0239 002 006 050 017 000 046 004 000 134 082 031 058 255 112 056 022
0240 000 000 055 023 000 089 010 000 147 093 015 038 255 094 064 000
0241 000 000 055 021 000 134 000 000 146 087 011 024 255 103 011 011
0242 000 000 095 017 000 147 000 000 215 081 027 030 255 146 001 034
0243 000 000 128 017 004 140 017 000 255 082 015 049 255 164 080 019
0244 000 009 144 016 000 138 000 000 255 079 001 065 228 176 044 002
0245 000 010 128 000 000 132 000 000 255 031 002 067 223 174 037 013
0246 001 010 118 000 000 116 000 000 250 003 033 064 234 147 044 011
0247 032 001 053 000 001 082 000 000 144 006 077 045 228 110 032 014
0248 049 017 002 000 010 103 000 000 053 008 101 070 200 057 047 022
0249 030 004 070 000 035 108 008 000 179 000 072 042 160 032 060 041
0250 022 000 131 000 050 087 001 000 255 000 063 019 139 098 051 032
0251 002 000 177 000 049 090 000 000 255 005 025 040 129 140 035 015
0252 000 000 201 000 023 112 000 000 255 023 000 046 157 196 025 022
0253 000 014 172 000 000 132 000 000 255 022 002 070 185 232 020 027
0254 000 035 116 000 000 164 000 000 250 021 013 112 235 255 001 037
0255 000 029 084 000 000 198 000 000 196 051 012 093 255 255 016 046
0256 017 033 046 001 000 223 000 000 127 052 053 104 255 240 012 043
0257 016 040 020 009 000 224 000 000 083 067 053 107 255 195 029 048
0258 000 032 016 007 000 209 011 000 078 066 029 100 220 139 067 024
0259 003 024 042 001 000 216 013 000 122 053 035 086 112 101 072 029
0260 010 027 065 000 002 214 019 000 162 026 045 092 029 093 079 036
0261 000 022 100 000 006 238 000 000 227 004 021 082 065 097 033 034
0262 000 014 162 000 037 255 000 000 255 007 000 068 103 106 041 017
0263 000 012 196 000 043 255 021 000 255 013 000 066 122 128 084 014
0264 000 019 235 000 061 255 032 000 255 049 002 079 125 138 103 021
0265 000 026 255 014 065 255 038 000 255 075 024 091 099 122 112 000
0266 007 043 255 028 070 253 034 000 255 103 042 122 060 087 107 005
0267 016 044 255 043 073 210 010 000 255 131 054 122 058 061 065 066
0268 017 035 240 041 081 140 002 000 255 128 057 105 067 040 052 046
0269 011 029 190 036 098 101 000 000 255 119 045 093 055 019 038 049
0270 000 008 109 036 087 165 000 000 236 117 008 061 069 026 041 044
0271 000 000 066 038 064 225 000 000 166 121 000 024 081 050 046 014
0272 000 000 074 037 043 210 000 000 181 120 000 027 108 072 035 024
0273 000 000 103 038 064 243 002 000 228 120 010 022 136 070 053 035
0274 004 006 155 040 089 255 008 000 255 126 037 058 179 058 063 016
0275 000 015 203 050 096 253 003 000 255 144 017 072 218 054 058 003
0276 000 029 197 049 076 216 000 000 255 142 010 097 235 063 013 000
0277 003 042 120 047 050 172 000 000 250 137 031 120 243 083 013 010
0278 025 062 103 022 025 141 000 000 227 093 068 153 254 095 047 052
0279 054 049 122 018 022 135 007 000 252 084 106 134 255 091 063 027
0280 063 039 174 011 042 140 002 000 255 072 120 114 255 101 053 040
0281 048 047 177 022 038 128 004 000 255 091 099 127 227 121 056 028
0282 066 052 167 035 008 097 019 000 255 116 129 140 177 160 081 032
0283 085 060 156 043 021 079 024 000 255 129 155 157 081 194 090 035
0284 083 068 141 050 048 074 026 000 255 139 150 171 048 208 090 035
0285 061 061 170 056 107 079 000 000 255 151 118 156 126 201 038 009
0286 049 056 220 037 138 088 001 000 255 115 104 143 193 180 045 013
0287 046 067 255 012 153 118 002 000 255 071 098 161 221 136 053 021
0288 040 053 255 000 169 168 000 000 255 036 085 133 181 076 034 030
0289 011 037 255 000 133 168 000 000 255 045 045 109 146 056 018 037
0290 006 007 234 000 083 129 000 000 255 043 039 061 109 099 017 027
0291 001 007 198 001 083 136 000 000 255 050 029 061 124 126 024 023
0292 000 002 124 002 092 156 000 000 254 054 003 052 144 111 015 024
0293 000 001 040 001 072 143 003 000 117 052 011 045 168 077 028 031
0294 013 000 016 002 055 162 000 000 080 054 048 026 128 044 015 030
0295 016 000 035 015 054 220 000 000 109 076 053 037 074 026 013 032
0296 002 000 035 028 061 255 000 000 110 101 034 026 090 022 017 013
0297 000 011 032 031 065 255 000 000 105 107 029 062 114 037 017 044
0298 006 017 055 033 072 202 000 000 144 110 023 071 134 043 011 014
0299 000 013 066 043 087 151 000 000 162 132 019 067 141 049 001 039
0300 000 015 056 054 097 165 004 000 145 153 000 071 136 059 054 050
0301 000 012 046 053 108 254 006 000 128 150 021 067 123 064 059 039
0302 012 007 031 047 105 255 017 003 105 138 045 060 119 060 076 060
0303 012 009 041 046 107 255 032 000 124 135 046 064 118 073 102 029
0304 003 000 066 043 109 255 013 000 168 127 034 045 120 093 070 036
0305 009 002 086 040 121 255 000 000 204 123 044 052 128 117 047 029
0306 020 011 082 048 109 255 002 000 190 137 061 066 146 130 046 037
0307 021 005 053 052 076 255 000 014 141 143 062 054 097 139 024 079
0308 002 000 050 039 075 253 000 000 134 120 027 034 073 122 037 039
0309 000 000 036 022 079 242 000 000 110 090 016 035 084 100 018 000
0310 000 000 026 001 096 255 000 003 092 047 022 012 134 090 029 007
0311 000 000 013 000 150 255 000 000 070 027 026 034 182 099 030 027
0312 002 008 004 000 213 254 017 000 055 026 028 061 207 131 083 024
0313 003 027 000 000 239 255 035 000 027 050 034 090 221 168 109 021
0314 002 040 000 002 255 235 000 000 032 054 033 112 221 174 044 030
0315 019 049 000 005 248 242 000 001 034 060 060 127 215 169 010 050
0316 021 060 011 000 230 255 008 000 070 044 061 146 198 137 066 026
0317 009 071 013 000 233 241 026 000 073 029 043 168 167 108 095 011
0318 002 074 014 002 224 203 040 000 075 054 032 171 080 067 118 018
0319 000 083 014 003 202 166 050 000 074 057 027 192 046 035 136 040
0320 015 087 026 002 196 151 051 000 094 052 054 196 090 024 134 037
0321 017 084 033 000 218 124 009 000 106 036 057 187 131 041 065 016
0322 016 074 030 000 235 134 004 000 100 019 052 171 148 072 031 043
0323 018 075 022 000 217 103 005 000 085 026 056 175 157 108 054 025
0324 031 075 001 007 198 095 000 000 048 063 076 176 179 115 022 037
0325 067 068 000 011 166 121 005 000 026 071 126 159 194 094 054 008
0326 088 058 004 001 129 141 004 000 056 052 158 151 200 065 058 025
0327 100 038 018 000 184 127 045 000 081 040 175 114 202 059 121 033
0328 098 032 032 000 255 176 024 000 104 049 173 101 198 076 092 019
0329 087 015 059 005 255 245 021 000 152 064 155 072 176 082 081 009
0330 054 002 067 001 255 255 010 000 166 055 109 050 142 085 062 005
0331 031 000 060 008 255 255 005 000 151 068 077 023 116 077 057 009
0332 020 000 043 014 255 255 000 000 125 077 059 007 099 060 030 022
0333 022 000 014 006 255 255 000 003 072 067 062 007 094 039 019 042
0334 013 000 004 006 255 255 000 000 055 065 048 000 087 029 022 020
0335 013 000 003 000 255 215 000 000 053 053 049 022 084 049 017 005
0336 012 001 000 000 255 130 000 000 046 026 050 046 071 073 028 000
0337 017 009 005 000 255 089 012 001 055 017 057 062 050 090 067 006
0338 035 019 000 000 246 094 000 000 037 049 084 079 069 099 036 026
0339 063 024 000 003 230 149 000 000 027 054 124 085 076 091 041 016
0340 082 018 000 006 218 178 000 001 016 063 151 076 059 079 043 007
0341 108 018 000 001 195 166 006 000 022 051 191 075 054 058 058 000
0342 128 010 008 000 181 117 000 000 063 036 216 064 059 030 048 000
0343 132 016 026 000 185 128 000 000 095 014 221 072 076 030 040 000
0344 123 007 038 000 184 219 003 000 117 007 208 054 082 039 044 000
0345 104 000 028 000 177 208 000 000 096 030 184 041 073 039 017 012
0346 073 000 030 000 213 168 000 000 104 041 137 019 051 024 017 000
0347 040 000 021 000 203 146 000 000 089 030 083 018 049 000 044 000
0348 027 008 018 000 202 242 000 000 081 019 071 061 048 000 024 000
0349 047 018 009 000 236 255 000 000 065 010 098 077 059 000 029 009
0350 066 024 002 000 255 255 000 000 052 010 126 085 025 007 020 000
0351 100 020 000 000 255 255 000 009 043 024 179 078 020 030 035 000
0352 110 002 002 000 236 253 009 000 052 020 191 047 015 053 065 000
0353 115 000 001 000 231 199 013 000 049 029 203 016 013 062 071 000
0354 113 000 001 000 227 246 000 000 049 034 197 003 024 065 039 000
0355 106 000 000 000 206 255 008 004 047 039 185 015 026 050 059 000
0356 097 000 004 000 203 255 016 000 059 046 171 043 061 047 074 000
0357 061 011 019 004 143 255 003 000 086 061 117 068 090 037 042 000
0358 032 021 029 035 117 255 000 000 098 110 073 083 075 025 026 000
0359 000 022 028 047 112 255 000 000 096 135 031 083 053 026 018 000
0360 003 022 027 034 121 255 002 000 094 115 034 083 063 034 050 009
0361 048 014 020 031 211 255 024 000 082 106 099 068 094 030 087 028
0362 084 001 000 020 255 255 004 000 045 089 152 050 127 020 053 000
0363 090 011 000 035 255 255 003 008 038 114 165 068 143 026 056 000
0364 128 018 000 042 255 255 015 000 027 125 223 079 180 035 073 000
0365 158 029 000 035 255 253 001 000 014 112 255 101 204 044 042 011
0366 168 027 000 040 255 219 005 000 005 122 255 092 213 045 055 000
0367 177 031 000 039 255 215 035 000 026 121 255 098 212 030 106 008
0368 171 034 000 025 255 255 035 000 037 096 255 102 209 021 112 000
0369 164 033 004 008 255 255 060 000 056 065 255 109 211 017 147 000
0370 146 041 015 004 255 255 047 000 075 059 241 116 215 019 126 000
0371 120 037 007 016 255 255 023 000 061 079 203 110 205 019 086 000
0372 108 035 002 029 255 189 009 000 050 104 187 103 198 032 060 000
0373 106 043 002 047 255 102 014 000 053 135 182 120 169 037 072 000
0374 103 035 013 060 255 140 001 000 075 159 181 106 139 027 045 011
0375 114 048 011 065 255 134 007 000 068 168 200 132 121 001 061 000
0376 119 054 000 070 255 134 000 000 040 177 207 143 123 000 020 000
0377 125 050 000 071 255 115 000 000 023 177 216 133 135 000 035 000
0378 118 041 000 065 255 106 000 000 009 167 203 116 146 000 040 000
0379 096 034 000 066 255 130 013 000 021 167 172 104 146 000 070 000
0380 072 023 000 034 255 166 001 000 015 109 133 084 133 000 047 000
0381 051 014 000 014 255 208 013 000 006 076 100 070 118 000 071 000
0382 027 002 000 000 244 234 000 000 016 026 070 049 134 000 019 000
0383 009 000 000 000 255 224 000 000 029 008 046 046 181 000 000 000
0384 019 000 000 000 255 178 000 000 032 002 059 030 182 010 000 000
0385 024 003 000 000 255 164 000 000 023 000 064 056 207 025 000 000
0386 016 014 000 000 255 185 016 000 015 000 059 068 228 022 076 000
0387 027 002 000 000 255 250 008 000 027 005 072 048 209 020 062 000
0388 043 000 008 000 255 255 003 000 064 001 095 039 151 016 052 004
0389 063 000 026 000 255 255 000 000 093 033 121 026 091 007 000 016
0390 069 000 035 000 243 255 000 000 112 025 129 030 052 015 009 000
0391 066 000 037 000 186 255 000 000 113 008 125 036 031 031 011 006
0392 053 000 068 000 252 226 000 000 168 000 107 042 023 021 007 012
0393 034 000 071 000 255 163 000 000 172 000 075 041 047 016 042 020
0394 024 011 074 000 255 111 000 000 180 000 066 066 085 019 032 003
0395 026 030 059 000 255 209 001 000 153 005 069 099 112 028 046 013
0396 024 049 049 000 255 215 000 000 133 000 066 131 129 038 030 000
0397 011 066 047 000 255 216 000 000 130 000 043 159 130 050 014 000
0398 000 086 056 000 255 242 000 000 145 015 014 194 130 056 018 005
0399 000 098 070 000 255 254 000 000 171 021 014 213 129 053 021 001
0400 000 100 059 000 255 255 000 000 155 006 024 216 120 050 016 000
0401 000 096 041 000 255 255 000 000 123 028 031 208 108 041 002 003
0402 000 086 034 000 255 255 000 000 108 032 018 191 096 024 001 011
0403 000 067 054 000 255 255 000 000 143 034 007 159 089 016 004 022
0404 000 049 060 002 255 255 000 000 152 055 013 128 103 011 019 000
0405 000 037 048 014 255 255 000 000 132 074 015 109 120 024 021 000
0406 000 035 030 006 255 255 000 000 101 061 021 108 117 018 042 000
0407 000 030 041 000 255 255 000 000 120 037 028 101 080 038 036 000
0408 005 016 020 000 253 255 000 000 082 013 036 076 077 077 042 000
0409 018 000 000 000 214 255 003 000 018 012 087 035 108 124 055 001
0410 025 000 000 000 162 204 017 000 000 000 066 001 153 158 078 000
0411 033 000 004 000 143 208 010 000 057 013 078 025 181 164 065 017
0412 038 000 034 000 153 250 000 000 109 030 087 040 158 154 036 005
0413 047 002 054 003 194 255 000 000 142 055 103 052 097 146 022 000
0414 054 017 064 011 255 255 000 000 160 071 110 079 076 133 016 003
0415 062 023 060 021 255 255 000 000 152 072 120 089 079 117 006 006
0416 058 030 049 003 255 255 001 000 133 058 115 099 083 115 033 003
0417 045 027 029 000 255 255 014 000 098 026 098 095 068 121 065 023
0418 051 023 001 000 235 255 016 000 046 016 104 084 088 147 078 032
0419 057 011 000 000 203 255 020 000 010 015 111 064 130 171 083 031
0420 035 002 000 000 207 255 007 000 017 032 079 050 171 180 057 020
0421 009 013 000 001 188 182 000 000 012 054 041 073 187 176 010 003
0422 000 032 000 005 138 110 000 000 009 061 018 105 194 183 004 000
0423 000 053 000 011 096 121 004 000 041 073 003 135 215 201 018 000
0424 000 050 000 012 113 150 000 000 029 072 000 129 226 218 028 000
0425 000 037 002 013 116 176 000 000 052 075 015 108 228 223 029 002
0426 012 015 020 023 161 215 000 000 084 092 050 071 208 183 032 002
0427 017 006 045 023 212 255 000 000 131 093 052 057 183 138 022 005
0428 020 000 067 008 255 255 000 000 170 066 057 046 152 099 005 043
0429 017 001 068 009 255 255 000 009 171 070 055 049 107 067 012 069
0430 006 000 054 013 255 255 007 002 145 074 039 041 070 090 061 059
0431 000 000 022 010 255 255 016 000 088 070 030 034 057 129 076 034
0432 000 000 000 002 255 255 022 000 020 057 041 041 086 155 086 038
0433 000 012 000 000 255 251 023 000 015 017 029 072 101 158 088 019
0434 022 014 000 000 255 253 020 000 029 017 066 072 116 150 083 008
0435 053 012 000 000 255 255 013 000 047 038 109 068 103 136 073 000
0436 069 010 022 000 255 255 004 000 087 040 130 064 128 152 055 006
0437 068 016 027 000 255 226 013 000 094 041 129 076 146 167 072 007
0438 062 036 023 002 255 235 000 000 087 055 119 107 152 183 033 000
0439 056 051 016 001 164 255 000 000 077 053 111 133 144 213 030 000
0440 056 061 024 000 138 255 000 000 090 036 111 150 130 202 026 014
0441 069 057 029 000 252 255 008 000 099 017 131 140 107 180 063 020
0442 069 046 022 000 255 255 010 000 087 032 134 126 113 158 063 022
0443 061 046 002 000 233 252 003 000 053 023 122 124 103 123 052 022
0444 057 034 000 000 202 168 000 000 025 019 112 102 117 105 039 027
0445 053 046 000 000 210 169 000 000 006 015 110 126 203 099 038 000
0446 054 053 000 000 234 200 011 000 018 016 112 136 254 081 070 001
0447 047 061 000 000 255 237 020 000 011 022 100 150 255 068 085 003
0448 050 069 000 000 255 255 000 000 000 008 105 162 255 069 040 007
0449 056 057 000 000 255 255 000 000 002 009 111 141 255 090 046 001
0450 070 049 000 000 255 255 004 000 028 003 133 129 255 108 057 000
0451 075 068 000 000 255 254 000 000 041 013 140 165 255 112 038 000
0452 077 078 000 000 255 245 012 000 029 026 143 183 255 105 069 003
0453 066 088 000 000 255 255 024 000 007 035 124 198 255 106 090 000
0454 052 087 000 000 226 255 026 000 000 030 109 198 255 137 094 023
0455 052 074 000 000 216 255 036 000 003 026 105 170 255 161 108 021
0456 047 037 000 000 255 255 032 000 003 027 098 106 247 163 102 020
0457 053 001 000 000 255 255 008 000 025 020 107 046 234 149 061 011
0458 062 000 000 000 255 255 000 000 038 024 121 017 241 110 041 022
0459 068 013 003 000 255 255 014 000 052 020 132 072 223 072 075 021
0460 067 047 000 000 255 255 018 000 048 015 127 125 182 087 080 020
0461 052 060 007 000 255 255 012 000 063 020 107 151 119 115 069 002
0462 031 059 010 000 255 255 000 000 069 018 076 148 137 150 036 004
0463 000 043 027 000 255 255 000 000 100 029 020 119 154 194 042 000
0464 000 044 041 000 255 255 000 000 122 017 000 124 147 204 017 018
0465 000 046 041 000 255 255 000 000 121 010 001 128 138 204 043 025
0466 000 057 022 000 255 255 000 000 086 019 004 147 114 183 050 028
0467 000 068 000 000 255 255 006 000 044 039 002 169 099 174 061 037
0468 000 074 000 000 255 255 017 000 035 029 000 177 075 140 076 025
0469 000 080 034 000 249 255 000 000 113 024 002 186 052 120 038 031
0470 000 081 063 000 255 255 019 000 163 000 009 189 074 118 080 030
0471 000 069 088 000 255 255 038 000 207 000 008 168 103 122 112 033
0472 010 052 087 000 249 255 047 007 200 000 046 137 087 101 132 065
0473 018 038 040 000 219 255 047 006 116 000 054 116 087 100 125 064
0474 001 013 018 000 255 255 045 001 080 000 026 068 095 076 128 049
0475 000 000 014 000 255 255 036 000 072 000 013 032 090 082 110 028
0476 000 000 009 000 255 255 016 006 066 000 017 009 071 121 074 064
0477 000 000 018 000 255 255 008 001 081 000 020 002 097 116 064 055
0478 000 000 010 000 239 255 009 000 065 001 023 045 141 093 063 023
0479 000 023 000 000 187 255 008 000 005 000 016 086 182 074 061 021
0480 000 043 000 000 122 255 009 000 013 011 018 120 251 065 063 030
0481 000 053 001 000 086 255 018 000 051 000 006 136 255 041 079 025
0482 000 058 019 000 103 255 013 000 083 009 023 144 255 028 068 019
0483 000 059 028 000 182 255 000 000 097 000 031 146 255 016 045 026
0484 008 067 025 000 255 255 000 000 093 022 041 162 252 040 041 011
0485 006 073 037 000 255 255 000 000 115 045 040 169 171 056 024 000
0486 000 074 063 000 255 255 003 000 159 046 028 172 139 067 056 000
0487 000 065 071 000 255 255 011 000 173 038 027 155 124 068 067 000
0488 000 042 078 000 255 255 021 000 183 038 030 118 112 052 083 000
0489 001 024 056 000 255 255 023 000 144 028 029 085 102 055 088 003
0490 000 001 015 000 255 255 031 000 074 013 020 049 138 073 101 001
0491 000 000 000 000 255 255 027 000 045 009 016 028 178 072 091 007
0492 000 000 014 000 255 255 010 000 077 008 020 038 230 104 063 028
0493 012 013 037 000 255 255 021 000 113 000 050 071 255 117 083 024
0494 039 030 031 000 255 255 032 000 103 000 091 097 255 115 107 008
0495 073 015 010 000 255 255 007 000 066 012 138 071 255 093 058 000
0496 085 014 000 000 255 255 010 000 035 028 157 072 248 073 066 000
0497 090 014 028 000 255 255 015 000 104 030 164 070 177 074 072 004
0498 066 010 073 000 255 255 018 000 180 009 125 065 122 054 076 012
0499 061 019 091 000 255 255 031 000 208 005 118 081 087 039 102 000
0500 054 013 087 000 255 255 048 000 198 000 108 071 056 042 138 006
0501 042 009 077 000 255 255 060 000 187 007 090 061 026 045 155 031
0502 028 000 091 000 255 255 055 000 214 036 068 045 043 047 145 037
0503 021 001 129 002 255 255 021 000 255 055 059 047 102 043 088 029
0504 017 007 151 012 255 255 003 000 255 074 057 060 133 060 057 024
0505 019 011 143 011 255 255 014 000 255 072 058 064 159 085 073 001
0506 008 005 123 002 255 255 017 000 255 052 044 052 172 125 076 005
0507 001 004 096 001 255 255 025 000 214 052 031 052 185 132 091 004
0508 008 002 072 000 255 255 027 000 174 054 042 048 228 115 096 000
0509 010 005 074 000 255 255 030 000 184 045 045 055 255 078 108 001
0510 002 015 091 000 255 255 034 000 214 025 033 071 255 050 106 009
0511 002 025 112 000 255 255 037 000 246 045 033 090 255 106 112 037
0512 010 017 120 004 255 255 025 000 254 061 044 075 255 207 089 040
0513 007 018 108 010 255 255 023 000 237 069 042 079 255 220 086 037
0514 022 015 096 002 255 255 026 000 215 056 064 074 255 175 093 032
0515 040 014 109 003 255 255 046 000 241 054 090 072 255 130 128 035
0516 048 015 136 013 255 255 056 000 255 071 101 077 239 147 144 043
0517 042 013 164 000 255 255 061 000 255 046 088 068 191 210 152 042
0518 024 000 175 000 213 255 061 000 255 042 064 043 172 250 151 008
0519 002 009 160 006 190 255 064 000 255 061 034 063 177 255 159 000
0520 000 015 140 006 198 255 066 000 255 065 009 070 171 239 159 009
0521 000 015 108 013 169 255 044 000 237 074 000 074 189 222 119 022
0522 000 018 062 012 150 255 015 000 159 074 000 078 168 215 072 006
0523 000 016 019 021 096 255 003 000 081 092 000 076 164 209 051 011
0524 000 009 032 023 107 255 000 000 106 091 017 063 155 206 048 024
0525 000 012 061 028 129 255 002 000 156 101 019 068 138 154 051 011
0526 004 014 076 016 147 255 000 000 183 081 024 072 127 084 042 021
0527 000 020 067 005 188 255 000 000 166 064 021 080 083 103 026 015
0528 000 025 038 007 214 255 001 000 113 062 010 089 087 144 049 016
0529 000 021 003 002 218 255 031 000 054 056 000 085 145 168 105 055
0530 000 025 032 011 212 255 039 000 108 070 003 091 202 171 119 010
0531 000 026 054 010 198 255 031 000 143 068 007 094 224 184 101 000
0532 000 019 069 019 232 255 026 000 172 084 002 080 224 182 094 000
0533 000 003 073 013 255 255 028 000 177 080 007 049 198 147 096 001
0534 000 000 058 022 255 255 033 000 148 089 003 030 147 116 104 018
0535 000 000 029 008 255 255 041 000 097 064 018 017 099 162 119 019
0536 006 000 014 000 255 255 038 000 072 022 039 022 060 214 111 020
0537 013 004 040 000 255 255 034 000 120 032 051 057 051 247 104 010
0538 011 018 055 000 255 255 015 000 144 022 048 083 057 254 072 004
0539 000 030 056 000 255 255 015 000 147 040 019 102 092 255 076 012
0540 000 031 053 006 255 255 023 000 140 067 001 103 122 255 090 005
0541 000 031 042 013 255 255 027 000 121 067 002 099 158 255 096 017
0542 000 039 026 001 255 255 034 000 093 054 030 114 188 255 107 016
0543 001 055 014 000 255 255 033 000 072 044 036 141 206 238 104 006
0544 000 067 025 000 255 255 017 000 092 052 011 161 225 174 078 065
0545 000 071 071 027 255 255 014 000 173 101 000 171 234 156 074 031
0546 000 070 115 038 255 255 012 000 248 118 000 163 238 123 067 024
0547 000 055 154 031 255 255 008 007 255 105 014 138 229 079 064 020
0548 001 034 182 008 254 255 016 000 255 064 034 099 235 085 075 031
0549 000 022 192 001 180 255 015 000 255 052 029 083 255 135 075 018
0550 008 014 181 008 135 255 001 000 255 065 041 069 255 161 047 017
0551 001 003 157 018 143 255 000 000 255 083 031 049 255 179 018 024
0552 002 000 121 029 168 255 000 000 253 102 029 042 255 174 012 023
0553 013 006 078 047 182 255 000 000 184 135 051 055 255 157 015 013
0554 015 028 044 045 221 255 001 000 123 131 052 094 255 130 051 015
0555 001 039 000 041 255 255 019 000 026 123 031 110 255 100 079 025
0556 000 038 000 036 231 255 024 000 032 115 022 112 255 110 089 026
0557 000 053 017 035 181 255 024 000 079 115 000 138 255 169 089 033
0558 000 064 041 029 228 255 017 000 120 104 009 155 255 226 077 002
0559 000 064 073 033 255 255 025 000 176 109 015 155 216 219 093 000
0560 000 056 085 045 255 255 014 000 197 132 024 139 152 240 073 000
0561 005 044 086 055 255 255 017 000 203 150 037 118 112 242 075 014
0562 003 021 090 049 255 255 011 000 206 136 032 077 076 239 070 020
0563 011 000 091 021 255 255 006 000 209 092 049 040 054 244 057 015
0564 022 000 108 005 255 255 008 005 238 064 063 001 064 245 063 032
0565 035 000 113 019 255 255 023 000 243 089 081 004 099 221 088 024
0566 045 000 119 032 255 255 023 000 251 109 097 024 169 192 089 033
0567 063 000 095 034 255 255 006 000 215 113 122 026 206 134 058 042
0568 054 000 078 032 255 255 035 000 186 108 107 017 246 134 108 035
0569 043 000 063 028 255 255 054 000 159 106 095 009 245 132 140 019
0570 035 000 053 022 255 255 062 000 138 091 081 001 246 129 158 006
0571 012 000 022 014 255 255 054 000 086 078 046 025 213 106 140 000
0572 000 000 022 010 255 255 033 000 088 068 022 037 184 076 106 000
0573 015 005 036 000 255 255 028 000 114 047 052 053 169 035 093 000
0574 029 008 069 002 255 255 027 000 169 056 074 058 155 023 094 022
0575 024 003 087 023 242 255 022 000 201 092 065 050 191 058 087 026
0576 012 004 091 029 255 255 045 000 207 103 046 054 202 109 129 032
0577 000 006 084 047 255 255 066 000 194 137 016 056 229 141 164 047
0578 000 007 056 051 255 255 077 000 144 143 000 059 234 167 181 035
0579 000 000 024 057 255 255 062 000 090 153 000 045 207 196 153 031
0580 000 000 040 057 255 255 045 000 120 153 001 037 180 177 123 011
0581 000 000 066 043 255 255 024 000 165 128 000 046 175 173 088 041
0582 000 000 099 031 255 255 017 002 222 106 000 038 196 171 076 058
0583 000 000 120 018 255 255 012 000 254 084 000 043 219 173 066 052
0584 000 002 109 003 255 255 021 000 236 057 000 049 248 179 082 043
0585 000 000 074 009 255 255 013 000 176 071 000 032 255 227 068 054
0586 000 000 054 009 255 250 009 002 147 070 020 010 255 255 064 054
0587 009 000 038 004 255 155 032 010 114 062 040 000 255 255 103 072
0588 007 000 023 001 255 172 030 004 088 056 042 003 255 255 100 057
0589 003 000 003 000 255 255 044 000 055 052 030 036 211 255 123 047
0590 000 000 001 006 255 255 047 000 050 064 006 046 150 239 127 041
0591 000 000 000 011 255 255 024 000 045 074 000 032 130 201 088 038
0592 000 000 000 009 255 255 024 000 015 071 005 026 138 173 088 051
0593 000 000 000 006 255 255 036 000 023 062 002 024 145 163 110 024
0594 000 000 000 001 255 255 043 000 033 054 018 026 147 139 123 027
0595 000 000 000 000 255 255 041 000 028 047 000 018 154 110 115 024
0596 000 000 000 000 255 255 028 000 044 035 008 027 155 091 094 035
0597 001 000 016 000 255 255 029 000 077 054 035 039 173 068 098 011
0598 000 000 030 002 255 255 020 000 100 055 030 041 188 067 084 044
0599 000 002 043 000 199 255 030 000 123 028 025 048 221 080 103 042
0600 000 009 032 000 255 255 014 003 104 045 026 061 255 135 074 029
0601 000 000 013 000 255 233 020 003 071 037 021 038 255 158 082 059
0602 000 000 013 000 255 255 019 003 073 040 027 000 255 176 079 058
0603 000 000 004 003 255 255 049 000 056 058 020 001 255 163 138 049
0604 000 000 000 020 255 255 078 000 035 092 004 009 255 137 188 033
0605 000 000 000 038 255 255 084 000 035 123 003 046 255 100 194 049
0606 000 001 000 039 241 255 068 000 039 125 021 047 255 074 163 028
0607 000 000 000 031 206 255 054 000 045 111 022 022 211 111 145 027
0608 000 000 000 020 255 255 034 000 030 090 029 000 137 117 109 049
0609 004 000 000 009 255 255 034 000 036 070 035 000 084 110 110 041
0610 013 000 003 000 255 255 020 000 054 052 048 000 109 155 083 039
0611 026 000 003 021 255 255 012 000 054 088 069 000 150 216 071 042
0612 041 000 001 019 255 255 008 000 051 085 093 000 164 252 066 050
0613 037 000 008 003 255 255 018 015 064 055 084 005 181 255 080 081
0614 019 000 023 000 255 255 043 024 088 024 057 012 184 214 121 093
0615 006 000 049 000 223 255 044 010 135 029 041 018 189 168 122 069
0616 000 000 058 004 232 255 033 001 148 059 016 032 188 141 102 051
0617 000 000 058 019 255 255 035 000 151 088 020 043 200 142 108 038
0618 000 006 063 016 255 255 050 004 158 080 026 057 239 184 137 059
0619 005 007 055 036 255 255 040 000 143 118 039 060 255 252 117 026
0620 018 002 037 034 244 255 030 000 112 112 061 053 255 255 098 054
0621 023 008 013 021 255 255 022 004 069 090 066 059 255 255 087 057
0622 017 013 000 000 255 255 014 000 017 049 056 067 255 255 074 046
0623 007 012 000 001 255 255 014 000 025 054 037 066 255 255 076 042
0624 000 008 000 034 255 255 009 000 023 115 029 059 244 255 066 048
0625 011 002 005 059 255 255 025 000 061 158 048 049 195 233 092 022
0626 023 005 021 057 255 255 039 000 088 155 064 055 164 213 115 002
0627 049 022 034 030 198 255 033 000 108 106 101 083 112 225 105 000
0628 047 017 042 047 178 255 029 000 120 134 098 074 096 253 098 007
0629 042 003 041 079 193 255 043 000 118 194 089 051 091 255 124 005
0630 022 000 036 095 181 255 045 000 112 221 061 020 107 255 124 000
0631 014 000 024 077 128 255 034 000 089 188 050 021 134 255 106 001
0632 000 000 004 062 155 255 042 000 055 161 025 029 163 255 120 000
0633 000 000 003 033 222 255 058 000 054 108 009 036 210 255 148 000
0634 000 000 006 009 215 255 064 000 057 067 000 026 238 255 158 013
0635 000 000 000 000 162 255 058 000 040 041 000 014 254 228 147 014
0636 000 000 001 030 110 255 037 000 051 102 017 002 255 224 112 004
0637 007 000 000 050 131 255 028 000 042 147 043 000 255 236 095 000
0638 023 000 000 046 196 255 010 000 029 137 064 026 255 249 065 018
0639 027 000 000 006 255 255 000 000 029 063 069 041 237 248 033 000
0640 021 000 000 000 255 255 001 000 014 009 063 020 227 214 048 000
0641 021 000 000 000 255 255 001 000 000 035 061 000 208 174 047 000
0642 008 000 000 000 255 255 001 000 013 045 041 000 159 157 049 000
0643 000 000 000 022 255 255 000 000 039 091 034 014 108 177 044 000
0644 000 000 008 027 255 255 001 000 065 100 014 014 071 223 041 000
0645 000 000 014 015 255 255 008 009 076 080 021 008 126 245 062 001
0646 000 000 020 016 255 255 017 000 085 081 018 025 177 252 077 000
0647 014 000 027 003 255 255 020 000 099 056 045 034 223 245 087 005
0648 023 000 027 000 213 255 009 000 096 045 065 040 237 218 066 001
0649 028 000 005 000 251 255 010 000 058 033 072 044 228 179 064 000
0650 027 000 000 000 255 255 004 000 028 049 071 029 189 138 057 000
0651 014 000 000 013 255 255 006 000 013 074 050 014 138 096 058 000
0652 006 000 000 013 228 255 018 000 000 075 039 044 098 126 079 000
0653 000 000 000 003 225 255 041 000 007 056 023 039 125 166 123 011
0654 000 003 000 000 246 255 035 000 018 042 024 054 161 204 106 003
0655 000 014 000 006 235 255 010 000 021 061 020 071 179 181 064 003
0656 000 017 000 016 198 255 009 000 036 079 020 073 177 210 062 002
0657 000 002 000 011 135 255 005 000 026 070 007 050 156 243 057 000
0658 000 000 000 000 133 255 000 000 014 051 000 035 151 255 036 000
0659 000 001 000 012 149 255 005 000 000 072 000 048 170 255 058 000
0660 000 008 000 012 163 255 023 000 005 074 003 060 200 255 091 000
0661 000 015 000 000 188 255 023 000 025 049 017 074 238 255 093 001
0662 000 016 002 003 190 255 018 000 054 057 017 072 255 255 080 009
0663 000 016 013 009 155 255 000 000 071 068 007 074 255 255 044 013
0664 000 013 026 015 171 255 000 000 093 077 022 067 255 255 044 008
0665 000 003 023 014 197 255 001 000 088 076 025 053 255 255 048 011
0666 000 000 007 025 213 255 000 000 061 094 021 042 255 255 029 001
0667 000 000 000 027 250 255 000 000 033 099 019 030 255 207 022 000
0668 000 000 000 027 255 255 002 000 019 101 008 013 242 120 050 000
0669 000 000 000 022 255 255 023 000 000 089 000 018 225 052 090 000
0670 000 000 000 014 255 255 030 000 009 074 001 015 205 064 099 000
0671 000 000 000 006 255 255 049 000 019 059 000 000 172 101 132 000
0672 000 000 000 010 255 255 049 000 037 067 000 007 144 146 133 000
0673 000 002 000 023 255 255 056 000 043 090 004 052 129 185 146 009
0674 000 023 000 026 255 255 076 000 046 095 000 085 119 224 178 012
0675 000 030 012 033 255 255 064 000 069 113 000 097 113 255 158 006
0676 000 029 015 039 255 255 035 000 075 124 000 095 101 255 108 016
0677 000 010 019 049 255 255 028 000 082 143 004 064 093 255 093 000
0678 000 000 022 052 255 255 016 000 086 149 033 032 104 255 073 000
0679 000 000 011 041 255 255 005 000 068 134 024 011 120 255 052 004
0680 000 000 006 032 255 255 001 000 059 109 021 000 138 232 049 000
0681 000 000 000 016 232 255 017 000 023 083 013 028 151 166 081 001
0682 000 016 000 035 180 255 045 000 000 119 029 075 142 130 123 020
0683 007 029 000 044 171 255 053 000 003 134 041 095 148 161 140 035
0684 008 022 000 037 156 255 050 000 002 122 045 085 151 225 135 026
0685 014 015 000 034 137 255 035 000 003 117 051 066 168 255 111 011
0686 014 000 000 031 180 213 032 000 013 109 067 047 188 255 106 012
0687 028 000 000 009 214 255 059 000 004 069 072 034 205 255 148 000
0688 027 000 000 000 251 255 068 000 000 040 070 035 222 255 167 026
0689 011 000 000 000 255 255 087 000 000 052 045 025 216 255 197 000
0690 000 000 000 000 255 255 087 000 000 040 025 022 207 255 196 001
0691 000 000 000 000 255 255 076 000 000 045 028 023 186 252 177 007
0692 002 000 000 010 255 255 057 000 000 070 031 018 168 193 148 009
0693 002 000 000 008 235 255 056 000 000 066 031 032 167 134 140 015
0694 000 000 000 001 187 255 030 000 000 051 026 035 186 095 099 001
0695 001 000 000 000 177 255 001 000 005 035 030 037 208 079 047 009
0696 023 000 000 000 212 255 000 000 014 029 066 028 218 095 046 006
0697 018 000 000 000 204 255 000 000 011 029 057 010 209 124 046 000
0698 019 000 000 000 171 255 022 006 012 045 060 020 196 155 088 016
0699 006 000 000 001 120 255 034 000 000 049 041 043 164 166 110 005
0700 001 004 000 000 093 255 041 000 003 047 031 054 143 149 120 000
0701 007 016 000 000 131 255 032 000 024 039 042 072 125 126 101 000
0702 000 015 000 000 119 255 038 000 029 028 018 073 125 124 110 000
0703 000 013 000 000 123 255 020 063 035 015 016 071 137 156 082 000
0704 000 011 000 000 180 255 040 000 031 041 001 066 139 229 117 000
0705 000 007 000 003 210 255 068 000 013 057 012 059 130 255 166 000
0706 000 006 000 001 226 255 073 000 018 051 024 060 122 255 174 000
0707 000 007 000 000 192 255 076 011 026 041 015 061 122 255 180 002
0708 000 011 000 000 161 255 045 000 031 035 017 064 144 255 125 007
0709 000 000 000 011 183 255 026 000 048 072 014 045 177 255 091 000
0710 000 000 000 013 149 255 004 000 040 075 022 042 213 255 051 000
0711 000 006 001 008 162 255 000 000 051 065 019 056 251 254 050 000
0712 000 004 011 000 225 255 007 000 067 049 019 053 255 224 064 000
0713 000 000 007 000 255 227 037 000 061 042 015 033 255 159 112 000
0714 000 000 008 000 255 255 023 000 065 027 009 037 253 131 089 000
0715 000 000 000 000 255 255 025 000 046 023 001 042 220 121 089 000
0716 000 006 001 000 255 255 017 000 050 041 000 060 206 156 081 000
0717 000 032 008 002 255 255 007 000 062 051 000 102 191 214 058 000
0718 000 041 004 002 255 255 020 000 056 054 000 116 168 251 086 000
0719 000 056 018 003 240 255 029 000 080 054 009 146 166 255 097 007
0720 000 057 012 006 213 255 022 000 070 061 022 149 195 255 085 009
0721 004 061 007 006 255 255 024 000 061 060 038 152 239 255 092 021
0722 012 067 000 003 255 255 021 000 045 055 046 159 255 255 085 029
0723 014 065 000 005 255 255 007 000 042 056 050 162 255 255 061 006
0724 000 064 000 016 255 255 002 000 047 083 026 158 255 255 053 000
0725 000 053 011 021 255 255 003 000 069 091 010 135 255 255 054 000
0726 000 035 021 021 255 255 009 000 085 088 000 105 255 255 063 000
0727 000 021 025 022 255 255 024 000 092 091 000 088 255 255 087 000
0728 000 004 032 005 255 255 033 000 103 058 005 053 255 255 076 000
0729 000 024 026 000 217 255 022 000 093 032 002 087 255 255 088 002
0730 000 038 018 000 255 255 025 000 080 030 013 112 255 233 095 000
0731 000 036 013 000 255 255 007 000 070 046 024 107 255 219 059 001
0732 000 030 008 000 255 255 009 000 061 047 021 099 255 253 065 010
0733 000 019 000 000 255 255 021 000 041 048 017 081 255 255 085 012
0734 000 008 000 000 255 255 037 000 026 032 008 062 255 255 110 007
0735 000 000 000 000 255 255 052 000 014 021 000 043 255 255 135 000
0736 000 000 000 000 255 255 047 000 031 022 000 033 255 255 127 000
0737 000 000 000 000 255 255 047 000 036 021 003 030 255 255 134 000
0738 000 000 000 000 255 255 040 000 046 025 005 027 255 255 117 018
0739 000 000 004 000 255 255 037 001 057 045 008 044 249 255 110 005
0740 000 011 017 007 255 255 014 000 078 063 002 067 255 244 071 000
0741 000 014 022 007 255 255 020 000 086 064 000 071 255 197 086 004
0742 000 024 013 019 255 255 017 000 069 086 000 088 255 175 076 015
0743 000 029 000 026 255 255 003 000 035 099 000 095 255 174 050 039
0744 000 023 000 017 255 255 023 000 030 080 004 086 255 189 093 037
0745 000 024 000 010 255 255 023 000 035 068 001 088 255 209 084 007
0746 000 029 000 000 196 255 020 000 038 039 000 094 255 226 082 006
0747 000 019 005 000 144 255 045 000 057 043 006 077 255 208 126 017
0748 000 007 007 003 235 255 071 000 061 055 006 056 255 169 170 010
0749 000 000 004 030 255 255 080 000 055 108 005 033 255 126 186 000
0750 000 000 000 052 255 255 088 000 045 143 002 040 255 108 202 000
0751 000 008 000 054 255 255 087 000 042 152 000 060 255 133 199 008
0752 000 012 000 059 255 255 061 000 047 160 000 066 255 172 154 011
0753 000 025 000 059 255 255 055 000 046 161 009 090 255 216 144 017
0754 000 027 000 063 255 255 049 000 018 164 012 095 255 255 133 000
0755 000 031 000 056 255 255 026 000 006 155 007 102 255 255 096 013
0756 000 023 000 062 255 255 008 000 016 158 003 085 255 237 063 015
0757 000 006 002 046 255 255 010 000 052 145 016 057 255 194 065 000
0758 000 000 004 036 255 255 017 000 053 111 028 033 255 132 078 009
0759 000 000 000 017 255 255 012 000 047 090 026 030 255 087 070 000
0760 000 003 000 004 255 255 005 000 015 060 017 052 255 076 057 002
0761 000 005 000 002 255 255 009 000 005 051 018 059 255 103 064 005
0762 000 000 000 002 246 255 015 000 009 049 013 040 255 136 073 000
0763 000 000 000 010 195 255 025 000 021 069 000 023 255 146 090 000
0764 000 000 000 005 175 255 036 000 029 059 001 027 255 152 110 000
0765 000 000 000 006 228 255 041 000 032 064 000 037 255 132 121 000
0766 000 000 000 000 255 255 034 000 028 052 000 046 255 108 108 000
0767 000 013 000 012 255 255 029 000 037 074 019 069 255 088 094 000
0768 000 011 000 025 255 255 024 000 023 098 009 068 255 075 089 001
0769 000 021 000 022 255 255 039 000 007 090 010 082 244 080 115 007
0770 000 029 000 021 255 255 036 000 017 088 011 102 255 114 111 000
0771 000 037 000 027 255 255 022 000 030 102 013 112 255 125 086 000
0772 000 032 000 038 255 255 029 000 043 129 026 104 255 118 097 000
0773 004 018 000 059 255 255 028 000 040 159 033 078 255 109 098 005
0774 000 000 000 073 255 255 044 000 045 184 025 034 255 090 127 007
0775 005 000 007 046 255 255 025 000 061 131 036 028 255 113 092 000
0776 005 000 010 030 239 255 015 000 066 102 038 042 255 131 076 000
0777 000 000 008 000 170 255 019 000 063 044 022 032 255 153 079 000
0778 000 003 005 000 092 189 007 000 056 019 003 051 255 173 060 000
0779 000 006 000 000 133 120 029 000 028 008 000 055 255 188 100 000
0780 000 001 000 006 238 217 042 000 007 065 000 048 254 214 119 000
0781 000 000 000 004 255 255 037 000 000 060 000 037 234 209 111 000
0782 000 000 000 000 255 255 037 000 007 047 000 029 206 189 114 003
0783 000 000 000 000 255 255 056 000 031 053 003 023 191 185 145 001
0784 000 000 000 000 255 255 070 000 026 031 001 041 184 204 168 000
0785 000 000 000 000 255 255 044 000 029 040 000 031 181 243 123 000
0786 000 000 006 003 255 255 011 000 059 057 000 012 172 255 069 000
0787 000 000 021 006 255 255 028 000 084 062 000 013 158 255 095 005
0788 000 000 034 004 255 255 040 000 109 060 000 042 150 255 116 025
0789 000 012 033 009 255 255 073 000 108 067 000 068 112 255 181 023
0790 000 017 025 007 255 245 111 000 091 062 000 074 050 255 231 007
0791 000 001 000 000 223 235 098 000 046 038 000 048 076 255 219 000
0792 000 000 000 000 117 223 080 000 011 012 000 026 123 255 189 000
0793 000 000 000 000 106 209 046 000 000 002 000 010 163 255 125 000
0794 000 000 000 000 116 231 033 000 000 033 002 023 186 255 104 000
0795 000 000 000 000 113 255 037 000 000 050 000 031 202 255 115 000
0796 000 000 000 006 133 255 051 000 011 063 000 038 201 248 141 000
0797 000 000 000 001 116 255 066 000 013 053 000 043 189 217 164 000
0798 000 000 000 000 076 255 029 000 000 022 008 021 175 224 099 003
0799 000 000 000 000 070 255 048 000 000 014 015 011 179 251 131 000
0800 000 000 000 000 073 255 065 000 000 023 014 004 205 255 162 000
0801 000 000 000 003 093 255 074 000 000 058 012 019 241 255 177 002
0802 000 000 000 021 153 255 105 000 000 090 004 043 255 255 228 000
0803 000 003 000 025 230 255 130 000 007 095 008 051 255 255 255 000
0804 000 006 000 020 255 255 131 000 026 087 013 058 255 255 255 000
0805 000 014 000 023 255 255 105 000 034 097 001 070 255 255 231 000
0806 000 011 000 020 255 255 052 000 045 086 001 066 255 255 132 001
0807 000 006 007 021 255 255 056 000 062 080 000 058 239 255 152 000
0808 000 017 005 006 255 255 064 000 058 060 000 076 211 255 162 000
0809 000 023 000 000 255 255 065 000 037 033 000 088 207 227 158 000
0810 000 022 000 000 255 255 055 000 024 011 003 085 205 198 141 017
0811 000 016 000 000 255 255 046 000 017 019 014 074 214 189 127 001
0812 000 009 000 000 255 255 043 000 007 032 002 060 218 215 123 000
0813 000 001 000 000 235 255 055 000 024 043 000 046 228 241 142 000
0814 000 000 003 004 255 255 047 000 053 058 006 046 247 255 129 000
0815 000 006 005 000 255 255 046 000 056 037 006 057 255 255 126 006
0816 000 009 000 000 255 255 037 000 039 000 014 061 255 255 109 000
0817 003 018 006 000 255 255 029 000 060 009 034 079 255 255 098 000
0818 011 014 003 000 255 255 020 000 054 022 045 071 255 204 085 000
0819 023 011 018 005 255 255 026 000 080 061 066 066 255 189 093 000
0820 024 000 027 011 255 255 024 011 096 071 064 044 238 166 088 005
0821 016 007 009 015 255 255 036 000 067 077 055 059 237 195 111 017
0822 010 005 000 004 255 255 048 000 048 054 046 055 254 201 132 000
0823 001 015 000 000 255 255 074 000 025 049 029 076 255 206 180 000
0824 005 023 000 000 255 255 084 000 023 038 038 087 255 216 194 005
0825 005 025 000 001 255 255 073 000 041 042 038 088 255 234 175 006
0826 001 022 000 000 255 255 072 000 046 029 031 083 255 244 175 004
0827 002 023 000 000 255 255 054 000 044 047 033 082 255 255 138 028
0828 004 020 000 000 248 255 024 000 002 045 035 081 255 255 088 026
0829 003 032 000 016 174 255 023 000 005 076 033 099 255 255 089 033
0830 004 039 000 019 100 255 028 000 004 079 035 113 255 255 097 037
0831 001 029 000 017 068 255 011 000 007 080 032 096 255 208 064 003
0832 001 017 000 014 121 255 002 000 024 081 033 075 255 136 051 000
0833 000 007 000 009 212 255 000 000 007 071 018 056 255 103 019 007
0834 000 000 000 024 255 255 000 000 021 095 009 040 255 102 005 004
0835 000 000 000 026 255 255 000 000 030 094 012 034 255 129 007 009
0836 000 000 000 046 255 255 000 000 032 135 000 027 255 155 009 017
0837 000 000 000 061 255 255 000 000 024 161 000 013 255 202 013 015
0838 000 000 000 066 255 255 000 000 026 171 000 014 255 248 030 028
0839 000 000 001 085 255 255 000 000 053 202 000 017 255 255 043 021
0840 000 000 001 072 255 255 000 000 048 188 000 029 255 255 051 027
0841 000 000 000 070 255 255 001 000 046 182 000 035 255 242 048 028
0842 000 000 008 043 255 255 000 000 065 133 000 046 255 209 039 015
0843 000 003 044 009 255 255 000 000 125 066 016 057 255 173 013 029
0844 003 002 058 014 255 255 000 000 149 079 034 049 255 139 044 035
0845 006 003 061 051 255 247 011 000 160 147 040 053 255 140 068 048
0846 004 016 076 084 255 198 016 000 185 205 038 076 255 142 074 051
0847 001 035 084 066 255 177 018 000 197 171 027 107 255 141 079 034
0848 000 033 087 045 255 153 022 000 204 136 017 105 255 135 086 027
0849 000 031 087 052 255 146 018 000 201 148 005 098 255 123 079 001
0850 000 033 085 103 255 141 011 000 196 241 000 102 255 123 074 000
0851 000 021 071 150 255 103 014 000 173 255 000 079 255 144 074 000
0852 000 004 052 179 240 123 028 000 139 255 000 054 255 153 094 007
0853 000 002 040 181 135 195 044 000 117 255 000 052 255 169 127 001
0854 000 003 040 164 058 211 049 000 119 255 000 055 255 175 131 000
0855 000 025 028 135 097 202 052 000 098 255 000 090 255 182 139 000
0856 000 041 006 062 138 178 061 000 059 155 000 113 255 181 152 011
0857 000 042 000 004 118 153 070 000 050 045 000 118 255 163 171 017
0858 000 035 008 036 081 119 089 000 063 126 000 107 247 138 206 006
0859 000 025 002 108 054 093 090 000 052 248 006 090 198 131 204 000
0860 000 021 000 150 060 076 081 000 041 255 010 080 162 154 190 000
0861 000 005 004 164 054 086 049 000 055 255 015 052 148 194 131 049
0862 000 000 042 130 039 081 028 000 125 255 012 015 143 218 092 012
0863 000 000 092 045 038 055 014 000 216 126 003 022 128 232 072 000
0864 000 000 151 002 051 019 016 000 255 055 000 029 105 229 077 000
0865 000 000 181 034 051 022 029 000 255 118 008 044 077 222 096 011
0866 000 012 170 089 046 006 036 000 255 216 003 066 058 217 112 008
0867 000 032 145 098 045 000 032 000 255 225 001 101 048 229 105 004
0868 000 047 118 092 042 000 037 000 253 220 000 125 039 252 113 000
0869 000 029 085 092 046 000 036 000 197 221 000 097 040 255 110 004
0870 000 000 064 079 026 004 023 000 159 189 005 042 056 255 089 000
0871 000 000 035 061 050 000 012 000 107 158 014 041 098 255 069 000
0872 000 029 000 043 086 000 006 000 046 126 013 097 142 255 058 000
0873 000 038 000 028 102 001 000 000 039 100 002 109 186 240 036 000
0874 000 022 014 019 083 014 000 001 077 089 000 078 208 204 028 000
0875 000 011 025 006 048 010 000 000 096 063 004 065 179 165 023 025
0876 000 010 039 044 024 020 000 000 120 132 010 064 183 126 016 014
0877 000 016 054 085 056 026 000 000 148 210 007 076 141 083 039 000
0878 000 020 050 077 103 032 010 000 140 195 016 081 113 055 068 000
0879 000 033 048 104 127 023 015 000 131 238 013 103 161 062 073 000
0880 000 027 034 072 120 031 012 000 107 181 015 090 204 094 068 000
0881 000 020 007 062 083 049 020 000 058 157 022 082 242 143 081 013
0882 012 022 000 063 055 082 012 000 032 158 033 081 255 179 066 022
0883 000 010 000 075 031 106 002 000 031 179 010 063 255 204 050 028
0884 000 003 000 071 061 123 000 000 034 176 000 054 255 202 033 016
0885 000 006 000 055 073 122 002 000 010 152 000 057 255 192 053 035
0886 000 001 000 055 060 131 000 000 000 153 000 050 255 184 047 025
0887 000 005 000 053 053 133 006 000 000 151 000 056 255 186 058 020
0888 000 025 000 061 058 108 014 000 000 161 000 091 255 195 071 009
0889 000 038 000 084 049 090 005 000 010 201 004 115 255 202 054 000
0890 000 053 000 079 037 124 000 000 020 192 023 139 255 204 031 002
0891 004 052 000 067 067 170 000 000 015 169 035 138 255 189 038 007
0892 006 025 000 042 123 209 000 000 024 127 037 091 242 172 003 015
0893 009 020 000 039 162 230 000 000 029 121 044 081 220 168 022 000
0894 009 000 000 028 187 255 007 000 028 105 043 041 171 182 064 000
0895 009 000 000 027 207 255 022 000 024 099 045 029 165 196 084 007
0896 006 000 000 022 244 255 016 000 022 090 038 021 169 186 077 000
0897 013 000 000 020 247 255 004 000 043 090 050 001 165 163 055 000
0898 008 000 004 021 247 255 000 000 055 091 044 000 169 136 053 000
0899 002 000 016 018 240 255 010 000 078 087 034 000 150 113 069 000
0900 003 000 033 024 235 255 031 000 107 096 034 005 138 109 101 000
0901 000 000 038 026 227 255 046 000 115 102 029 000 138 119 126 000
0902 000 000 040 023 231 255 040 000 119 094 030 000 145 147 116 000
0903 000 000 013 007 235 255 032 000 071 066 018 007 173 183 102 001
0904 000 000 002 000 221 255 016 000 052 039 001 017 188 212 073 012
0905 000 000 021 000 204 255 014 000 086 038 000 009 185 216 073 010
0906 000 000 039 000 195 255 007 000 118 048 000 016 189 196 062 009
0907 000 000 040 007 218 255 011 000 119 064 000 032 193 163 063 037
0908 000 013 047 024 236 255 018 000 130 094 001 069 192 154 079 048
0909 000 030 050 023 255 255 010 005 135 092 006 097 206 147 066 062
0910 000 027 040 018 255 255 009 012 117 082 021 095 215 142 064 076
0911 000 025 023 016 255 255 000 018 092 081 030 087 210 139 035 086
0912 000 020 041 002 255 255 018 012 122 057 023 076 215 142 078 074
0913 000 011 044 002 255 255 022 009 124 055 012 066 223 144 084 070
0914 000 008 041 000 255 255 011 000 119 044 000 059 191 143 067 038
0915 000 000 036 000 255 255 002 000 110 030 000 044 149 147 053 023
0916 000 000 025 000 255 255 008 000 092 032 000 020 133 151 062 024
0917 000 000 040 000 255 255 014 000 119 051 001 025 160 140 076 025
0918 000 000 031 000 255 255 008 000 100 051 000 014 177 129 061 035
0919 000 001 017 007 255 255 000 000 078 065 000 044 194 128 030 043
0920 000 002 015 013 255 255 000 000 076 075 011 048 183 125 029 020
0921 000 019 021 010 255 255 002 000 086 067 000 079 184 131 052 024
0922 000 033 029 000 255 244 017 000 103 049 014 098 191 139 076 013
0923 000 047 062 000 255 255 027 000 162 039 012 127 190 138 091 002
0924 000 044 059 000 255 255 029 000 156 039 002 123 191 136 097 006
0925 000 050 052 000 255 255 029 000 137 042 014 131 185 131 100 009
0926 000 043 037 006 255 255 019 000 112 062 008 117 195 124 081 000
0927 000 043 030 017 255 255 027 000 102 082 000 120 225 109 094 030
0928 000 033 053 022 255 255 019 000 145 091 000 104 228 087 081 064
0929 000 016 089 030 255 255 030 000 210 104 000 075 213 069 098 005
0930 000 012 110 018 255 255 030 000 242 082 005 064 172 059 100 035
0931 000 000 104 017 255 255 025 000 233 080 000 041 124 052 089 004
0932 000 000 087 010 255 255 002 000 205 068 010 045 098 052 050 000
0933 000 000 067 000 255 255 000 000 168 034 001 048 138 061 040 010
0934 002 011 058 000 255 255 000 000 149 024 021 065 172 073 036 026
0935 000 029 052 000 255 255 000 000 137 031 023 091 191 079 026 025
0936 018 043 029 000 255 211 000 000 098 036 062 129 187 090 035 013
0937 030 055 023 000 255 234 000 000 091 043 074 145 167 097 004 002
0938 039 079 039 000 255 255 000 000 119 035 088 185 136 080 020 002
0939 023 098 060 000 255 255 000 000 154 016 062 211 107 056 029 011
0940 023 097 075 000 255 255 002 000 185 016 060 218 104 049 050 004
0941 012 091 071 005 255 255 000 000 177 062 044 201 098 055 033 009
0942 009 091 063 002 255 255 010 000 162 053 034 201 105 059 070 001
0943 000 100 054 005 255 255 004 000 142 062 007 215 108 044 055 000
0944 000 089 045 021 255 255 000 000 127 093 000 196 089 037 027 011
0945 000 065 037 023 255 255 001 000 114 114 000 153 078 027 049 024
0946 000 020 028 015 255 255 012 000 099 082 000 077 075 005 070 021
0947 000 000 063 002 255 255 010 000 165 054 001 039 088 005 068 004
0948 000 007 105 000 255 255 009 000 236 033 000 060 079 009 062 011
0949 000 017 134 000 255 255 000 000 255 020 029 073 081 003 044 000
0950 000 010 135 000 255 255 001 000 255 032 005 063 026 000 046 000
0951 000 006 109 000 255 255 000 000 238 037 000 057 031 006 041 000
0952 000 035 065 008 255 255 000 000 160 066 015 109 037 004 035 000
0953 000 057 043 015 255 255 000 000 122 079 000 145 034 012 027 004
0954 000 088 023 017 255 255 000 000 086 081 000 199 042 020 024 000
0955 000 105 002 006 255 229 000 000 051 064 006 224 045 012 053 000
0956 000 105 000 018 255 224 000 000 038 083 000 227 059 018 044 000
0957 000 095 002 019 255 255 001 000 052 084 000 212 041 009 047 000
0958 000 099 004 008 255 255 000 000 055 065 010 220 027 002 041 000
0959 000 091 000 001 255 255 000 000 043 055 000 207 006 006 009 000
0960 000 074 000 000 255 255 000 000 032 049 000 178 000 002 029 000
0961 000 060 029 000 255 255 000 000 099 036 000 152 000 000 015 000
0962 000 056 054 004 255 255 001 000 143 057 004 145 003 000 051 000
0963 000 052 055 013 255 255 009 000 146 075 009 135 017 005 060 000
0964 000 063 044 014 255 255 005 000 123 077 017 155 024 009 059 000
0965 003 077 030 028 243 255 014 000 101 102 034 174 012 015 069 000
0966 007 057 027 033 187 255 000 000 095 109 045 139 005 020 055 000
0967 028 003 001 038 217 255 000 007 047 116 042 051 000 022 005 000
0968 007 028 012 038 238 255 000 000 068 120 043 099 001 017 007 000
0969 010 076 015 055 255 255 000 000 074 150 046 185 014 006 005 000
0970 016 112 020 046 255 255 000 000 084 132 054 242 033 000 026 000
0971 011 121 032 061 255 255 000 000 104 160 047 253 034 000 023 000
0972 001 101 040 082 255 255 000 000 118 197 031 221 029 000 024 000
0973 000 068 039 094 255 255 000 000 119 218 019 163 021 000 039 000
0974 000 098 023 095 250 238 000 000 091 220 000 213 034 000 037 013
0975 000 122 040 073 251 193 000 000 122 182 000 251 035 000 007 033
0976 000 134 046 053 242 152 000 000 129 144 000 255 026 006 015 044
0977 000 123 062 030 241 125 000 000 156 103 000 252 019 013 039 040
0978 000 112 061 008 247 138 000 000 158 064 000 238 032 028 046 013
0979 000 129 061 000 208 121 000 000 155 033 000 255 045 028 033 000
0980 000 179 058 000 167 068 000 000 150 048 025 255 092 010 047 004
0981 009 202 053 013 235 128 000 000 140 075 047 255 126 010 029 001
0982 009 217 045 034 255 180 000 000 125 113 048 255 139 024 038 034
0983 000 213 029 051 255 223 000 000 101 141 014 255 140 026 047 032
0984 000 196 020 050 255 255 008 000 084 139 016 255 155 055 061 037
0985 000 180 014 031 255 255 011 000 073 103 018 255 184 089 066 028
0986 013 149 009 011 255 245 014 000 064 068 049 255 217 142 072 030
0987 018 120 000 026 255 217 007 000 047 098 057 250 238 172 061 024
0988 021 081 003 047 255 216 008 000 056 135 060 180 247 193 061 020
0989 039 069 032 047 255 178 000 000 106 133 092 166 255 226 031 015
0990 059 109 037 030 227 175 000 000 112 103 119 232 255 231 014 007
0991 068 137 027 007 175 232 000 000 094 062 133 255 255 213 000 021
0992 093 146 019 000 255 255 000 000 080 043 171 255 255 204 006 032
0993 110 136 005 013 255 255 000 000 057 073 196 255 255 181 022 033
0994 151 100 027 003 180 255 000 000 095 056 249 221 255 180 025 025
0995 156 087 035 000 138 255 010 000 111 049 253 194 255 170 065 019
0996 156 082 047 002 089 221 017 000 132 052 254 184 219 173 081 017
0997 143 075 053 039 100 255 028 000 141 121 237 173 169 178 097 022
0998 116 073 051 069 206 255 034 000 137 176 203 170 236 179 104 021
0999 094 073 055 067 255 255 033 000 147 171 170 172 255 168 104 034
1000 068 081 055 062 254 255 032 000 144 160 128 182 255 154 100 045
1001 047 082 047 038 230 255 008 000 130 117 099 190 255 153 064 043
1002 056 080 050 020 254 255 004 000 133 088 115 184 255 149 058 052
1003 065 076 032 010 255 255 002 000 103 072 127 174 255 158 050 037
1004 075 053 021 024 255 255 000 000 085 095 143 143 255 168 024 035
1005 089 043 020 038 255 255 000 000 084 118 164 121 255 185 014 007
1006 089 031 014 037 255 241 000 000 073 119 165 097 255 225 016 028
1007 094 020 006 027 229 213 000 000 059 098 170 084 255 255 046 050
1008 105 028 000 013 176 173 019 000 043 069 186 096 255 255 086 043
1009 085 036 000 005 254 139 019 000 039 063 156 108 255 255 084 037
1010 050 047 006 011 255 153 011 000 058 069 099 125 255 255 054 024
1011 032 058 001 014 255 127 000 000 049 075 078 145 255 255 046 006
1012 018 056 000 023 255 136 000 000 020 091 058 140 255 224 029 030
1013 000 038 000 037 255 134 000 000 018 118 027 108 255 141 037 040
1014 000 011 000 063 255 136 000 000 016 163 024 061 255 049 035 039
1015 038 000 000 074 255 119 000 000 034 190 089 002 255 100 000 047
1016 057 000 000 065 174 096 000 000 019 172 117 007 255 195 017 053
1017 051 000 000 074 077 086 000 000 030 187 105 024 230 247 017 037
1018 036 001 000 052 106 140 000 000 047 146 082 048 252 255 044 041
1019 041 010 004 027 166 177 000 000 054 096 090 064 255 255 041 043
1020 034 018 002 009 206 152 013 000 053 067 078 080 255 255 049 049
1021 013 028 000 024 238 113 000 002 041 093 046 093 255 247 036 056
1022 008 040 000 012 255 137 006 000 040 072 041 116 255 226 060 050
1023 021 046 000 000 255 224 022 010 035 050 061 124 255 208 092 071
1024 041 045 000 002 228 255 021 011 035 053 090 121 255 224 086 073
1025 050 028 000 006 175 255 009 000 009 060 103 093 255 254 062 050
1026 041 037 000 011 140 255 001 002 022 069 093 108 236 255 049 057
1027 030 033 005 010 147 255 000 011 056 070 076 099 154 255 045 072
1028 026 015 025 028 204 205 006 027 092 108 071 069 211 255 061 105
